Data calculated via numerical differentiation

Frequency:	6.2831853

Step size for numerical diff.:	8

Looped differentiation

Tangent(x)	Tangent(y)	Tangent(z)	Normal(x)	Normal(y)	Normal(z)	Binormal(x)	Binormal(y)	Binormal(z)
[-]	[1/s]	[Pa]	[-]	[1/s]	[Pa]	[-]	[1/s]	[Pa]

9.1580115	-15.6254417	463.5112625	-0.0673015	-0.9972101	-0.0322872	0.9975373	-0.0666128	-0.0219548
8.5379827	-9.3932901	450.0193090	-0.0506970	0.9984761	0.0218031	-0.9985340	-0.0510903	0.0178783
8.9279863	28.1631460	428.7400968	-0.0063557	-0.9978207	0.0656773	0.9997640	-0.0077051	-0.0203127
9.1250685	-33.5585109	476.6627236	-0.0297288	0.9970499	0.0707645	-0.9993756	-0.0310011	0.0169491
8.0189771	-3.5680462	432.3166284	-0.0988999	-0.9950769	-0.0063782	0.9949246	-0.0987612	-0.0192698
8.9089141	20.0707692	430.2973525	0.0234613	-0.9986615	0.0460958	0.9995109	0.0224777	-0.0217424
8.5165200	-15.5824968	406.0974772	-0.0861828	-0.9956143	-0.0363956	0.9960590	-0.0853380	-0.0241635
8.5394185	-1.5024077	464.8462025	-0.0434587	0.9990471	0.0040273	-0.9988864	-0.0435251	0.0182093
8.3173094	-4.6760007	432.5544595	0.0297500	0.9995050	0.0102328	-0.9993725	0.0295460	0.0195357
8.3390764	-3.2497022	408.9388586	0.2905212	0.9568671	0.0016796	-0.9566514	0.2904174	0.0218159
8.1570014	-2.1941591	401.0786951	-0.0049025	-0.9999736	-0.0053708	0.9997812	-0.0047922	-0.0203594
8.2099790	-3.9709466	391.0874351	0.2184316	0.9758377	0.0053228	-0.9756266	0.2182605	0.0226972
7.9546478	-6.0078465	408.5459172	0.2982595	0.9544493	0.0082283	-0.9542863	0.2980106	0.0229629
7.7879295	-23.4500754	362.5972336	-0.0374705	-0.9972660	-0.0636909	0.9990680	-0.0360190	-0.0237876
6.9706626	-21.5240465	383.5555534	0.0187524	0.9982726	0.0556794	-0.9996595	0.0177098	0.0191614
7.0014906	13.6366395	378.1233425	0.1230524	-0.9918349	0.0334910	0.9922277	0.1223318	-0.0227843
7.2329348	-0.9732769	326.4079039	0.0220266	-0.9997514	-0.0034691	0.9995119	0.0220979	-0.0220825
6.8994322	-20.5161414	327.7831468	-0.0216873	-0.9978406	-0.0619989	0.9995442	-0.0203380	-0.0223121
6.3497227	-26.7851068	338.7582859	-0.0318077	-0.9964309	-0.0781901	0.9993194	-0.0302424	-0.0211226
5.8814088	3.2733570	266.6879432	-0.9755151	0.2191255	0.0188240	-0.2188248	-0.9756195	0.0168007
6.2185805	-1.8518704	295.6378066	-0.3126910	-0.9498547	0.0006274	0.9496221	-0.3126289	-0.0219331
5.6425191	-24.8587730	286.3918208	-0.6649627	0.7428365	0.0775793	-0.7466187	-0.6638667	-0.0429136
5.3150771	-8.9950249	260.7341367	0.2363601	0.9712419	0.0286885	-0.9714520	0.2355863	0.0279305
5.0603580	-11.4752692	232.4829573	-0.0149165	-0.9986888	-0.0489702	0.9996525	-0.0138305	-0.0224417
4.7714886	-10.4408868	229.4961998	-0.1004412	0.9938179	0.0473018	-0.9947263	-0.1012980	0.0160730
4.4943167	-16.1759231	230.1610614	0.0032087	0.9975387	0.0700452	-0.9998052	0.0018360	0.0196521
4.0030559	-19.0654357	202.8423143	0.0685973	0.9933919	0.0920165	-0.9974510	0.0664755	0.0259326
3.6453787	-10.7395914	204.4361269	0.0143042	-0.9985074	-0.0527094	0.9997392	0.0152207	-0.0170271
3.3479022	-18.8506042	176.7985283	-0.0020903	-0.9943659	-0.1059816	0.9998206	-0.0000830	-0.0189417
2.9339772	-1.0560904	161.1289512	-0.0052700	0.9999640	0.0066500	-0.9998204	-0.0053901	0.0181703
3.2145407	8.2896000	138.1227310	-0.0157750	0.9981016	-0.0595351	-0.9996058	-0.0143597	0.0241257
2.8824721	-39.3381070	127.0343714	0.0096274	-0.9551418	-0.2959925	0.9997188	0.0156085	-0.0178507
1.9271670	-8.1741515	125.7311376	-0.0197668	-0.9977179	-0.0645616	0.9996876	-0.0187354	-0.0165409
2.4589942	19.3669751	112.5883052	0.0139823	0.9853783	-0.1698061	-0.9996706	0.0174308	0.0188350
2.4042303	-10.3018297	95.8389468	-0.0124691	-0.9942283	-0.1065579	0.9996113	-0.0097368	-0.0261230
2.1475715	-14.4379176	98.4064629	0.4044024	-0.9035849	-0.1413969	0.9143264	0.4030780	0.0391847
1.6525989	-26.3416424	96.2200504	-0.1182878	0.9572187	0.2640842	-0.9928412	-0.1184481	-0.0153747
1.1954976	4.0881191	69.6863953	-0.0054862	-0.9982631	0.0586567	0.9998383	-0.0064804	-0.0167725
1.6338499	7.6014187	75.4660847	0.0043963	-0.9949653	0.1001240	0.9997584	0.0022169	-0.0218682
1.3648612	-13.0910617	42.2649028	0.0232547	0.9551817	0.2951054	-0.9992540	0.0131042	0.0363278
1.1590981	-13.3572200	46.0648512	0.2179589	-0.9358665	-0.2768534	0.9756589	0.2159636	0.0380722
0.7150802	-13.1493786	13.9555773	-0.0116426	-0.7280652	-0.6854091	0.9992375	0.0170755	-0.0351116
0.4590873	-19.6207446	34.2646619	-0.0470986	-0.8671051	-0.4958936	0.9988226	-0.0351039	-0.0334838
-0.0594011	-3.9598617	10.1128766	-0.1557562	-0.9194847	-0.3609541	0.9877804	-0.1470059	-0.0517605
0.2967090	17.0334563	23.1566943	-0.0093389	0.8055655	-0.5924332	-0.9999031	-0.0014080	0.0138475
0.2545378	-25.8743137	-4.8864857	-0.0145165	0.1854169	-0.9825527	0.9998479	0.0121913	-0.0124715
-0.5612670	-19.0137359	-8.5613599	-0.0150116	0.4108933	-0.9115598	0.9995252	-0.0183658	-0.0247388
-0.3549686	26.8331130	-16.9145287	-0.0379236	-0.5332312	-0.8451191	-0.9992180	0.0107647	0.0380466
0.1494896	-0.4685558	-7.8132341	-0.1721441	0.9831029	-0.0622498	0.9848867	0.1729927	0.0084694
-0.4077950	-30.7307244	-23.8294441	-0.0438392	0.6125567	-0.7892100	0.9989836	0.0185867	-0.0410653
-0.8754286	-3.0564089	-24.1496658	0.0326701	0.9914083	-0.1266580	0.9988198	-0.0369427	-0.0315318
-0.6655178	11.1030325	-18.5415793	0.1217091	0.8534813	0.5067115	0.9920885	-0.0887732	-0.0887683
-0.5372451	0.2914074	-36.6888202	0.0006576	-0.9999682	-0.0079521	-0.9998926	-0.0007740	0.0146356
-0.4914357	10.0631836	-18.2140201	-0.0067050	0.8751953	0.4837233	0.9996988	0.0172878	-0.0174216
-0.2853231	-10.5418176	-20.5963828	0.0976209	0.8853748	-0.4545125	0.9951473	-0.0924977	0.0335571
-0.8586317	-12.4972018	-4.1479731	0.0453599	-0.3174952	0.9471744	-0.9968492	0.0473737	0.0636186
-0.7135768	7.8409960	-28.7919913	0.1081626	0.9598762	0.2587248	0.9938457	-0.0981469	-0.0513599
-0.5930069	12.7355251	-6.9634458	0.0262728	0.4805196	0.8765904	0.9988210	0.0231895	-0.0426480
-0.0334698	25.3072051	-25.6686157	0.0421233	0.7114976	0.7014249	0.9991120	-0.0293448	-0.0302344
0.3509283	2.7481661	-8.9526338	0.0829898	-0.9535838	-0.2894660	-0.9958466	-0.0684410	-0.0600447
-0.0410123	-38.7100528	-20.0140558	0.0339943	-0.4590341	0.8877680	-0.9994216	-0.0147771	0.0306290
-0.7983477	11.5070670	3.6775477	-0.1118905	-0.3095452	0.9442787	0.9915302	0.0282800	0.1267600
0.2185354	23.6483084	-10.7858340	-0.1682644	-0.4077654	-0.8974489	-0.9857061	0.0773675	0.1496591
0.0074283	-5.5038064	5.4081069	0.0462738	0.7001594	0.7124855	-0.9989283	0.0317464	0.0336802
0.1654906	-9.1944532	-6.8163968	0.0168753	-0.5952677	0.8033502	-0.9997531	-0.0216634	0.0049488
-0.1753462	19.2738130	14.5025331	0.0228523	-0.6009612	0.7989515	0.9997124	0.0195475	-0.0138913
0.7658931	7.0179192	5.3164133	0.0535595	-0.6066844	0.7931364	0.9947969	-0.0365162	-0.0951093
0.0112584	-26.5069763	8.7545094	-0.6122713	-0.2481897	-0.7506835	0.7906477	-0.1917118	-0.5814833
0.1877035	31.0730003	2.0838821	-0.1480182	0.0670668	-0.9867080	-0.9889663	-0.0039573	0.1480880
0.6943000	-17.6316179	24.5522508	0.0451771	0.8120309	0.5818632	-0.9987150	0.0233242	0.0449918
-0.1281150	3.4454559	18.4916324	0.0219233	-0.9828171	0.1832754	0.9997365	0.0228001	0.0026782
0.8231245	18.5229461	13.4888330	0.0036472	-0.5887759	0.8082881	0.9993488	-0.0268713	-0.0240830
0.3406839	-20.4676213	50.0320928	-0.0216870	0.9252779	0.3786695	-0.9997449	-0.0224584	-0.0023799
0.2498412	-5.1285950	16.2643683	0.0104531	-0.9536111	-0.3008599	0.9998381	0.0143753	-0.0108259
-0.0774048	-11.6933269	30.9950387	-0.0257090	0.9353427	0.3528074	-0.9996667	-0.0232297	-0.0112602
-0.2099324	-4.5087111	9.5375240	0.0159611	0.9038190	0.4276172	-0.9996746	0.0229349	-0.0111620
-0.0543874	32.8996341	23.6230982	0.0009053	-0.5832520	0.8122908	0.9999987	0.0016188	0.0000478
0.9249299	11.7800842	22.3285933	-0.0297305	0.8845743	-0.4654508	-0.9988872	-0.0092362	0.0462503
0.4517997	-16.6239156	29.2490974	0.0504084	-0.8679513	-0.4940845	0.9986384	0.0504552	0.0132510
0.3442213	-18.4972163	20.5690508	-0.0208616	-0.7435742	-0.6683279	0.9997049	-0.0071950	-0.0232003
-0.1728854	15.1937900	15.0449467	-0.0079030	0.7035503	-0.7106015	-0.9999361	-0.0113058	-0.0000728
0.6291909	-8.0357359	1.2294422	0.1193216	-0.1410209	-0.9827896	0.9898523	0.0938316	0.1067152
-0.3261512	-1.7132736	7.4282630	-0.1114520	-0.9672646	-0.2279859	0.9928501	-0.1182467	0.0163201
0.6403769	18.0290686	15.0530762	0.0625962	-0.6409614	0.7650165	0.9976667	0.0192531	-0.0655014
-0.1064607	-46.1070584	-7.4357390	-0.0030093	0.1592201	-0.9872385	0.9999929	-0.0017713	-0.0033338
-0.7226534	2.1926432	-41.2896708	0.0023782	-0.9985879	-0.0530706	-0.9998445	-0.0033019	0.0173240
-0.3682991	2.7480710	-34.2528906	-0.1233982	0.9890722	0.0806790	0.9922994	0.1238606	-0.0007324
-0.7262117	-12.0062289	-36.0243050	0.0002159	0.9486968	-0.3161873	0.9998171	-0.0062507	-0.0180720
-0.7305294	1.2268996	-59.2283347	-0.0086129	-0.9997506	-0.0206033	-0.9998869	0.0083564	0.0125058
-0.8753767	-11.6523977	-40.8322461	-0.5907862	-0.7724240	0.2330940	-0.8065648	0.5727900	-0.1461670
-1.2287804	-15.6874174	-54.2828973	-0.9418639	0.3278719	-0.0734323	0.3352903	0.9030263	-0.2685588
-1.4084948	9.1896929	-52.1738080	-0.0153579	-0.9847945	-0.1730433	-0.9995288	0.0105207	0.0288366
-1.0796685	-2.7854366	-80.7576499	-0.0099305	0.9993610	-0.0343365	0.9998614	0.0094650	-0.0136938
-1.6329523	-24.0652857	-93.7064314	-0.0112573	-0.9684607	0.2489121	-0.9997942	0.0151026	0.0135441
-2.0992634	-27.7752664	-104.3385182	-0.0024932	-0.9663308	0.2572907	-0.9998079	0.0074103	0.0181432
-2.6544713	11.3742980	-118.9432156	-0.0663053	-0.9934073	-0.0935178	-0.9975522	0.0639108	0.0283742
-2.0967877	-17.4939615	-118.1630451	-0.0016590	0.9892205	-0.1464240	0.9998446	-0.0009290	-0.0176046
-3.3664315	-28.6606197	-153.5373079	0.0728823	0.9801161	-0.1845551	0.9971077	-0.0756050	-0.0077493
-3.0968806	11.1621754	-157.5839077	0.0345765	0.9969519	0.0699378	0.9992099	-0.0331127	-0.0219822
-3.4628675	-30.4810073	-186.1597148	0.0573391	-0.9854049	0.1602794	-0.9981860	-0.0536343	0.0273497
-3.9886847	4.5109937	-169.8474770	-0.0072503	-0.9996257	-0.0263789	-0.9996983	0.0066266	0.0236528
-3.5749246	-2.8517877	-174.1077111	-0.0072117	0.9998423	-0.0162288	0.9997633	0.0068761	-0.0206406
-4.2819599	-28.1688135	-192.5284634	-0.0054470	0.9894682	-0.1446478	0.9997431	0.0022059	-0.0225577
-4.5788466	-7.0516537	-224.7724432	0.0449617	-0.9985257	0.0304102	-0.9987813	-0.0443112	0.0217364
-4.7661627	-4.3531493	-241.5859832	-0.0414918	-0.9989616	0.0188189	-0.9989442	0.0418481	0.0189537
-4.7727698	2.3521127	-243.5491880	-0.0127910	0.9998691	0.0099070	0.9997262	0.0129820	-0.0194660
-4.8262633	-12.9289137	-276.2796027	-0.0061087	-0.9988832	0.0468509	-0.9998291	0.0069185	0.0171420
-5.3185327	-16.8066764	-282.3592804	-0.0277904	0.9978786	-0.0588726	0.9994370	0.0266296	-0.0204105
-5.6291071	-18.4472070	-282.6874255	0.0328531	0.9972962	-0.0657343	0.9992627	-0.0340829	-0.0176740
-6.1488703	-11.8010239	-296.2935426	0.0051546	-0.9991987	0.0396899	-0.9997718	-0.0043266	0.0209202
-6.1043704	9.1081992	-309.9765896	0.4695825	-0.8821878	-0.0351693	-0.8826692	-0.4699812	0.0035727
-6.1290495	-23.1743729	-328.6365704	-0.0436432	0.9966293	-0.0694651	0.9988740	0.0422355	-0.0216072
-6.8812407	-11.1850819	-335.9907658	0.0265801	0.9990750	-0.0338034	0.9994372	-0.0272516	-0.0195617
-6.6631603	3.6921202	-336.8990091	0.0119129	-0.9998664	-0.0111933	-0.9997335	-0.0121311	0.0196397
-7.2033027	-45.0176809	-368.1202308	-0.0113995	0.9925677	-0.1211587	0.9997464	0.0089603	-0.0206586
-8.0689514	6.3896070	-375.1484512	0.0204843	-0.9996376	-0.0174666	-0.9995590	-0.0208522	0.0211440
-7.3440739	1.0672926	-400.0670168	-0.0493041	-0.9987823	-0.0017595	-0.9986152	0.0492633	0.0184631
-8.2528694	-32.6481749	-409.8248760	0.0004556	0.9968410	-0.0794212	0.9997985	-0.0020481	-0.0199703
-8.3649534	5.3130497	-437.5654662	-0.1208424	-0.9926239	-0.0097426	-0.9924877	0.1206252	0.0204381
-8.3752373	-5.2074345	-417.2493178	-0.0161218	0.9997962	-0.0121542	0.9996686	0.0158734	-0.0202640
-8.6232775	-13.8102548	-407.9665577	-0.0713157	-0.9968307	0.0352516	-0.9972302	0.0720035	0.0186412
-8.9686409	-14.0785450	-444.4312037	-0.0387863	0.9987710	-0.0308560	0.9990440	0.0381367	-0.0213688
-9.0875374	14.4314343	-427.5170470	-0.0132107	0.9993340	0.0340147	0.9996871	0.0139227	-0.0207799
-8.6605989	-6.6398334	-446.9750883	0.0276388	0.9994996	-0.0153831	0.9994303	-0.0279286	-0.0189501
-9.2435745	-6.1072557	-461.8585387	-0.0042891	0.9999045	-0.0131361	0.9997906	0.0040250	-0.0200629
-8.8877346	3.0932682	-442.7550941	-0.0010128	0.9999749	0.0070066	0.9997981	0.0011532	-0.0200616
-9.2697430	-10.3198739	-449.6456348	-0.0160950	-0.9995996	0.0232737	-0.9996581	0.0165669	0.0202284
-9.1234354	10.0292764	-469.6921261	0.6499325	-0.7594445	-0.0288408	-0.7597438	-0.6502219	0.0008734
-8.9788267	6.2804891	-451.0911700	0.0356209	0.9992781	0.0132038	0.9991672	-0.0353477	-0.0203802
-9.0096382	-22.0647314	-467.4853617	0.0453397	-0.9979015	0.0462259	-0.9987862	-0.0443911	0.0213444
-9.5128717	16.8487328	-449.1281632	0.0162351	-0.9991524	-0.0378264	-0.9996443	-0.0170205	0.0205347
-8.4647827	21.3619147	-441.3859260	-0.0175589	0.9986606	0.0486693	0.9996624	0.0184672	-0.0182775
-8.7873004	-13.9408818	-437.7733868	-0.0027508	-0.9994878	0.0318839	-0.9997950	0.0033884	0.0199607
-8.6183165	17.1068338	-420.8398636	-0.2079366	-0.9774987	-0.0354763	-0.9779283	0.2069958	0.0284411
-8.3480867	-2.8553580	-408.2844638	0.0140421	0.9998749	-0.0072798	0.9996924	-0.0141877	-0.0203412
-8.5856613	-0.5241123	-442.1129663	-0.0610098	-0.9981344	0.0023680	-0.9979483	0.0610443	0.0193074
-8.2709333	14.3549864	-442.7607660	-0.0229473	-0.9992254	-0.0319678	-0.9995624	0.0223345	0.0193963
-8.1713800	-6.8211384	-406.7324502	-0.0353147	0.9992474	-0.0160485	0.9991744	0.0349803	-0.0206604
-8.3623603	2.6762932	-422.7755685	0.0160941	0.9998524	0.0060110	0.9996749	-0.0159718	-0.0198743
-8.0763423	6.8195006	-402.7242141	-0.0047210	-0.9998471	-0.0168362	-0.9997879	0.0043818	0.0201242
-8.0587337	7.3448949	-375.5398631	-0.0133125	0.9997146	0.0198383	0.9996813	0.0137324	-0.0211836
-7.6569387	15.2397793	-391.5631709	0.8058044	0.5921369	0.0072888	0.5918594	-0.8048987	-0.0429006
-7.4285537	8.7498910	-385.1922992	0.0294856	-0.9992943	-0.0232683	-0.9993793	-0.0299210	0.0185937
-7.2618346	-0.9601330	-336.5244185	-0.0353653	0.9993723	-0.0020881	0.9991416	0.0353119	-0.0216611
-7.3917073	-2.9298382	-358.5988217	-0.1248168	0.9921644	-0.0055334	0.9919658	0.1246721	-0.0214657
-7.0011924	46.6375691	-332.3726538	0.0571272	0.9888462	0.1375487	0.9981491	-0.0536921	-0.0285592
-5.8755590	0.9964860	-327.0868040	0.0330691	-0.9994464	-0.0036389	-0.9992917	-0.0331289	0.0178496
-6.6590830	-8.4045663	-306.9027143	-0.0462076	0.9985844	-0.0263438	0.9986965	0.0456082	-0.0229184
-5.8642521	33.7066414	-289.7814281	0.1432182	-0.9827264	-0.1172065	-0.9894871	-0.1445859	0.0032062
-5.6122094	1.0830990	-290.1974189	-0.0363829	-0.9993333	-0.0030262	-0.9991509	0.0363173	0.0194584
-5.5856303	-2.6969461	-282.7218993	-0.1055200	-0.9943499	0.0115700	-0.9942210	0.1057231	0.0186339
-5.4891746	23.3169828	-234.2538267	-0.0084895	0.9950272	0.0992412	0.9996922	0.0107589	-0.0223545
-4.6397651	25.2186719	-238.0006646	0.0242277	0.9941905	0.1048726	0.9995186	-0.0220556	-0.0218224
-4.3662865	14.2490672	-231.5281999	-0.0086024	-0.9980846	-0.0612634	-0.9997859	0.0074317	0.0193119
-3.8964998	7.4500333	-200.2411201	-0.0340143	0.9987055	0.0378190	0.9992322	0.0347196	-0.0181523
-3.8073525	24.8945110	-202.8198989	0.0525345	0.9912994	0.1206879	0.9984453	-0.0498858	-0.0248660
-2.9854278	3.9159452	-179.0287316	-0.0004722	-0.9997609	-0.0218602	-0.9998609	0.0001076	0.0166757
-3.4902539	-0.8736110	-136.5148440	-0.0893972	0.9959877	-0.0040881	0.9956681	0.0892617	-0.0260273
-2.9038592	8.4651080	-133.5442520	-0.0017303	0.9979931	0.0632985	0.9997631	0.0030997	-0.0215429
-3.0314479	22.5853128	-152.1642930	0.1037833	-0.9835195	-0.1480486	-0.9944048	-0.1055557	0.0041434
-1.8705621	29.2629365	-121.8850609	0.0183732	-0.9721401	-0.2336795	-0.9997199	-0.0213503	0.0102167
-1.9319275	-6.6243924	-112.2979899	0.0271008	0.9978705	-0.0593300	0.9994852	-0.0280685	-0.0155390
-1.7260886	16.2304386	-89.4408976	0.1324045	-0.9748161	-0.1794507	-0.9910139	-0.1336603	-0.0051295
-1.3936907	5.9424530	-84.2221732	-0.0264315	-0.9972022	-0.0699221	-0.9995144	0.0252083	0.0183184
-1.3864143	2.6667019	-63.5349640	-0.0274170	0.9987195	0.0425167	0.9993864	0.0283131	-0.0206195
-1.1321317	14.0354216	-74.4582619	0.9917427	-0.1224352	-0.0381585	-0.1273704	-0.9750405	-0.1818590
-0.7310856	23.0387405	-39.9891994	0.0290414	0.8663492	0.4985937	0.9994527	-0.0172635	-0.0282180
-0.4164883	-19.8667752	-30.0183837	0.0047986	-0.8339319	0.5518465	-0.9999216	0.0023831	0.0122962
-1.1630387	4.3218014	-5.3280226	-0.2467202	0.7255705	0.6423991	0.9545639	0.2962872	0.0319630
-0.3104648	14.5724750	-27.1844299	-0.0006967	0.8813497	0.4724639	0.9999491	0.0053694	-0.0085418
-0.7042120	-6.1043397	-28.7725588	-0.0809112	-0.9746156	0.2087532	-0.9964339	0.0841234	0.0065404
-0.3585767	5.1713155	0.6532123	0.6330345	0.1400635	-0.7613472	-0.7710753	0.0268922	-0.6361758
-0.5912437	-2.7811507	-45.1218420	0.0349274	-0.9975249	0.0610262	-0.9993043	-0.0340602	0.0151935
-0.2518046	19.7366673	-34.2960259	-0.0096017	0.8666561	0.4988135	0.9999337	0.0114961	-0.0007259
0.1784108	18.4203501	-6.7090897	0.0327159	0.3417657	0.9392155	0.9994233	-0.0197430	-0.0276290
0.3737347	-17.0154880	11.6380997	0.1242409	-0.5583146	-0.8202738	0.9920865	0.0849972	0.0924113
-0.2621349	-3.9687871	-2.1005159	0.0705053	0.4629763	-0.8835621	0.9958076	-0.0844172	0.0352285
0.1632142	5.9134508	25.9226775	0.0142181	-0.9748751	0.2222979	0.9998801	0.0124972	-0.0091463
-0.0366715	8.2637851	9.4708429	0.1801033	0.7415148	-0.6463115	-0.9836434	0.1338199	-0.1205733
0.5679699	11.3894091	17.9032922	0.0136536	-0.8438557	0.5363965	0.9995487	-0.0028367	-0.0299054
0.3154643	-11.3478120	4.5142832	0.0016957	0.3696767	0.9291589	-0.9996651	-0.0233663	0.0111209
0.1981152	-9.9702442	29.0815590	0.0150180	-0.9458136	-0.3243625	0.9998665	0.0162962	-0.0012245
-0.1658156	-10.6254499	12.7303033	-0.0303751	-0.7671720	-0.6407219	0.9994886	-0.0297252	-0.0117917
0.0544317	37.4670101	10.5013009	-0.0161660	-0.2698240	0.9627739	0.9998683	-0.0057097	0.0151887
0.9469708	-4.0973748	-27.7394365	0.9873655	-0.1483760	0.0556233	-0.1548230	-0.9780883	0.1391874
0.1246778	-12.3229296	18.4623681	-0.0067992	-0.8317468	-0.5551135	0.9999611	-0.0025371	-0.0084463
0.7059862	24.6678789	31.3525104	-0.0531667	-0.7842133	0.6182093	0.9984289	-0.0527161	0.0189943
0.6281386	-26.7373486	9.6338446	-0.0128716	-0.3392206	-0.9406188	0.9996730	0.0164223	-0.0196022
-0.0252827	-4.4769188	28.3802496	-0.0660480	-0.9856194	-0.1555380	0.9978161	-0.0653780	-0.0094243
0.2750435	-0.9911501	16.5437204	-0.0071035	0.9981779	0.0599199	-0.9998371	-0.0080840	0.0161382
-0.1146353	-1.6558716	12.2122641	0.0196979	0.9907155	0.1345169	-0.9997627	0.0207696	-0.0065685
0.2512429	5.5697041	6.8828094	0.1054139	-0.7749075	0.6232224	0.9940238	0.0642342	-0.0882644
-0.0750776	-16.7494839	6.9643795	-0.1873773	0.3778466	0.9067093	-0.9822793	-0.0681866	-0.1745794
-0.3040798	-5.4904236	-8.9776845	-0.0076403	0.8532004	-0.5215274	0.9995536	-0.0085481	-0.0286278
-0.4009671	-2.7076290	-2.6599628	0.2567179	0.6577008	-0.7081848	0.9607598	-0.2533107	0.1130235
-0.3636409	10.5266906	-28.0302992	-0.0067349	0.9361108	0.3516408	0.9999036	0.0105748	-0.0090006
-0.0892334	-2.3040236	-25.6531942	0.0777405	0.9929526	-0.0894518	0.9969676	-0.0777383	0.0035141
-0.2882897	8.3220856	-16.2581444	0.0011579	-0.8901512	-0.4556638	-0.9998748	-0.0082220	0.0135212
0.1888466	3.9447521	-9.1094927	-0.0165204	-0.9174045	-0.3976130	-0.9996826	0.0227200	-0.0108856
-0.3313459	-30.8703696	-27.6561480	-0.0965622	0.6647242	-0.7408221	0.9952948	0.0585085	-0.0772329
-0.6830291	13.8157686	7.1901473	0.0659130	0.4632116	-0.8837932	-0.9968630	-0.0083217	-0.0787072
-0.0226561	12.3994491	-12.0646623	0.0830098	0.6950360	0.7141669	0.9965479	-0.0569528	-0.0604047
-0.2650788	-11.0740520	-18.1803970	0.1192380	-0.8487159	0.5152317	-0.9927876	-0.0954105	0.0725918
-0.2665564	1.7285228	11.1904239	0.0261073	-0.9878488	0.1532094	0.9993821	0.0293999	0.0192641
-0.2362649	6.8485222	4.6615961	-0.0061735	-0.5628245	0.8265533	0.9995745	0.0200905	0.0211460
-0.0420787	-0.4740062	-35.0027455	0.0175477	0.9997541	-0.0135597	0.9998453	-0.0175624	-0.0009641
-0.2746352	-10.4724509	-47.7323698	0.0037001	0.9767563	-0.2143210	0.9999774	-0.0048186	-0.0046963
-0.3119635	9.7271392	-7.7729306	0.0429907	0.6245289	0.7798176	0.9987615	-0.0072973	-0.0492168
-0.0154653	3.2195557	0.4328768	0.0065383	-0.1332196	0.9910650	0.9999673	0.0055894	-0.0058457
-0.1547968	-4.0338829	-11.1642677	-0.0556950	-0.9387840	0.3399745	-0.9983627	0.0568092	-0.0066837
0.0771976	25.1209365	6.8679593	-0.0575619	0.2634449	-0.9629556	-0.9983375	-0.0123256	0.0563049
0.5961480	-4.9407345	0.6549083	0.1407261	-0.1133902	-0.9835338	0.9828991	0.1351723	0.1250515
-0.0513447	-20.2640688	31.3993390	0.0446702	-0.8394128	-0.5416555	0.9990008	0.0367885	0.0253756
-0.0362964	6.9653325	17.3717190	-0.0060725	-0.9281570	0.3721394	0.9999797	-0.0049146	0.0040599
0.2497397	29.4334557	27.0774227	0.0020317	-0.6770461	0.7359378	0.9999784	-0.0032199	-0.0057229
1.0412917	8.6410279	15.0584980	0.0149908	-0.8676939	0.4968728	0.9980937	-0.0167685	-0.0593957
0.6723253	-13.7453635	29.4117922	0.0061362	0.9059853	0.4232646	-0.9997668	-0.0032057	0.0213555
0.8407008	23.1438294	41.2905372	0.3810374	-0.8097952	0.4461415	0.9243891	0.3244099	-0.2006567
1.2663846	-8.3587117	29.1035739	-0.0068064	-0.9612007	-0.2757661	0.9991034	0.0049869	-0.0420418
0.8160941	9.4104228	59.5743360	-0.0304537	-0.9872304	0.1563611	0.9994446	-0.0321935	-0.0086058
1.6376947	14.6790994	60.7795298	-0.0163940	0.9720224	-0.2343152	-0.9995227	-0.0097953	0.0292977
1.3990826	3.8682515	115.5112981	0.1249242	0.9915587	-0.0347185	-0.9920924	0.1252653	0.0078214
1.9366235	6.9240299	120.2998865	0.0246794	-0.9980664	0.0570478	0.9995663	0.0237187	-0.0174565
1.7605958	10.5406105	107.5944677	-0.0654889	0.9932025	-0.0962286	-0.9977204	-0.0636014	0.0225567
2.6623753	41.1491709	135.0446346	0.0071236	-0.9565928	0.2913410	0.9997968	0.0013198	-0.0201129
3.2156980	2.9998729	151.3375712	-0.0050286	-0.9997888	0.0199251	0.9997618	-0.0054497	-0.0211354
2.8754352	-26.2253291	149.3198548	-0.0279237	0.9844488	0.1734383	-0.9994302	-0.0307867	0.0138388
2.4190722	1.6633403	176.5345213	0.0710661	0.9974177	-0.0103717	-0.9973775	0.0711984	0.0129963
3.1002927	48.0986972	158.6054330	0.0006326	-0.9569666	0.2901974	0.9998249	-0.0048222	-0.0180814
4.0464621	6.3470809	188.8994390	0.0451865	-0.9984471	0.0325802	0.9987492	0.0444533	-0.0228881
3.5782433	-16.2774367	188.3004130	-0.0214323	0.9960207	0.0865073	-0.9995911	-0.0229864	0.0170080
3.9442640	46.6452119	240.7384277	0.6976362	0.7011498	-0.1472841	-0.7162716	0.6871784	-0.1214115
5.0663432	10.6551806	231.2677581	0.0097956	-0.9989022	0.0458078	0.9997127	0.0087807	-0.0223051
4.6169631	-5.1673424	247.2337347	-0.0036500	0.9997736	0.0209641	-0.9998191	-0.0040399	0.0185867
5.1907463	23.8355312	276.4943449	0.1663458	0.9821517	-0.0877905	-0.9858901	0.1673438	0.0040825
5.5467518	22.6047411	253.4597150	-0.0124240	-0.9959456	0.0890951	0.9996853	-0.0143136	-0.0206007
6.2629218	19.6740269	298.3606422	0.0720284	-0.9953393	0.0641211	0.9971827	0.0705138	-0.0255817
6.3211957	-9.6790322	281.7779253	-0.1021362	-0.9942600	-0.0318614	0.9945179	-0.1013362	-0.0257912
6.3930942	36.5972625	316.0078486	0.0568136	0.9916241	-0.1159906	-0.9981826	0.0587555	0.0133895
7.4814938	5.4617710	324.8563261	0.0171136	-0.9997188	0.0164140	0.9995885	0.0167288	-0.0233019
6.5607784	-38.9402388	341.6944525	-0.1699854	0.9787366	0.1148028	-0.9852620	-0.1710512	-0.0005756
6.5602767	38.4792947	354.8110746	0.0130406	-0.9941119	0.1075704	0.9997461	0.0109854	-0.0196762
7.7235323	24.5989979	371.5352328	-0.0661833	-0.9955360	0.0672893	0.9975919	-0.0674200	-0.0162743
7.7647478	14.3555741	393.8969800	-0.0558134	-0.9977381	0.0374628	0.9982469	-0.0565034	-0.0176188
8.4100844	-0.0464870	389.6858092	-0.0176858	-0.9998436	0.0002624	0.9996108	-0.0176874	-0.0215754
7.9917018	12.3552385	413.3048129	-0.0326825	0.9990382	-0.0292331	-0.9992790	-0.0320969	0.0202817
9.0256231	28.4454914	406.4414411	-0.0103097	-0.9974909	0.0700400	0.9997016	-0.0118332	-0.0213717
8.7461808	-36.2492778	411.9638900	-0.0973463	0.9912374	0.0892871	-0.9950259	-0.0988378	0.0124280
8.1171827	8.3027991	438.9232030	0.0154761	0.9996959	-0.0191967	-0.9997093	0.0158256	0.0181887
8.7715298	1.9584121	449.9500721	0.0104707	-0.9999366	0.0041481	0.9997552	0.0103878	-0.0195349
8.3842443	19.6669854	429.9942043	0.1240805	0.9911225	-0.0477511	-0.9920810	0.1248574	0.0136334
9.4416372	1.1596615	444.1196298	0.1373279	-0.9905256	-0.0003331	0.9902976	0.1373035	-0.0214115
8.4126753	-22.3664037	457.7700325	-0.7188985	0.6935178	0.0470965	-0.6948728	-0.7187853	-0.0223494
8.8711671	20.8628190	441.0149241	0.0703136	-0.9964764	0.0457253	0.9973226	0.0693023	-0.0233399
8.7591596	-21.4519784	468.5541466	-0.0730218	-0.9963482	-0.0442511	0.9971556	-0.0721065	-0.0219421
8.4133139	10.5393263	456.4850411	0.0075911	0.9997015	-0.0232210	-0.9998015	0.0080155	0.0182419
9.2228108	35.4440612	431.9580419	0.0194232	-0.9964961	0.0813522	0.9995850	0.0176230	-0.0227884
9.5406661	-14.3212435	453.1556994	0.0512332	0.9982218	0.0304685	-0.9984651	0.0505553	0.0226192
8.9368616	-11.7098952	453.8325586	-0.0109782	-0.9996126	-0.0255761	0.9997460	-0.0104690	-0.0199571
8.9701538	-10.3318788	425.1731528	-0.3126363	-0.9497299	-0.0164829	0.9496388	-0.3121270	-0.0276200
8.4642461	-5.3341907	464.6424910	0.0467388	0.9988507	0.0106156	-0.9987411	0.0465346	0.0187280
8.9087072	25.6162435	441.1650229	-0.0593917	0.9966249	-0.0566697	-0.9980313	-0.0581376	0.0235296
9.2013547	-7.7709287	433.4676070	0.0836906	0.9963619	0.0160856	-0.9962658	0.0833170	0.0226417
8.7113634	-17.1108174	451.2892652	0.0011198	-0.9992805	-0.0379097	0.9998134	0.0018499	-0.0192295
8.4590627	-16.5782349	430.5476218	-0.0408227	-0.9984570	-0.0376435	0.9989736	-0.0400457	-0.0211690
8.0079145	-1.4206141	391.1614655	-0.5837033	0.8118304	0.0148981	-0.8117090	-0.5838821	0.0144969
8.1618797	-14.7718467	411.6890651	0.0161083	0.9992386	0.0355344	-0.9996740	0.0153908	0.0203711
7.5054263	-0.5773844	407.1104826	0.0102008	0.9999472	0.0012301	-0.9997781	0.0101764	0.0184462
8.0634896	5.7434891	370.9953349	0.0978564	-0.9951120	0.0132787	0.9949633	0.0975331	-0.0231352
7.4977552	-24.7186056	377.5945187	0.0113307	-0.9977854	-0.0655434	0.9997395	0.0126027	-0.0190264
7.3665146	9.1833462	373.7664104	-0.2257745	-0.9737663	0.0283750	0.9739804	-0.2262216	-0.0136378
7.5549866	-5.7108138	357.8332755	0.0106407	0.9998196	0.0157319	-0.9997206	0.0103050	0.0212717
6.9793472	-33.0139212	376.0687786	0.1445351	0.9859388	0.0838702	-0.9893270	0.1424065	0.0308621
6.3684873	-8.0683464	336.9806522	0.0175421	-0.9995517	-0.0242638	0.9996677	0.0179923	-0.0184616
6.4562405	1.8933497	312.2496351	-0.0098131	-0.9999322	0.0062661	0.9997382	-0.0099403	-0.0206108
6.1210067	-30.6699558	349.2040858	-0.0125045	-0.9961065	-0.0872670	0.9997694	-0.0109311	-0.0184845
5.4570595	0.3646621	287.9656388	-0.5424162	0.8400594	0.0092152	-0.8398962	-0.5424930	0.0166033
5.7047582	-22.7230394	261.7394462	-0.0046627	0.9962331	0.0865901	-0.9997535	-0.0065239	0.0212238
4.4316615	-34.7421617	279.4959570	0.0290026	-0.9918889	-0.1237545	0.9994555	0.0307245	-0.0120281
4.5030694	14.4330055	245.4693098	-0.0279639	-0.9978553	0.0591845	0.9994412	-0.0289946	-0.0166297
4.7122738	10.7111547	205.9303659	0.0167894	0.9984893	-0.0523191	-0.9995980	0.0179577	0.0219396
4.8395505	-13.5079188	220.8393533	0.1845071	-0.9807431	-0.0640317	0.9825879	0.1855191	-0.0101853
4.0733442	-36.3667471	217.4254309	-0.0147506	-0.9862364	-0.1646823	0.9997205	-0.0115036	-0.0206533
3.4831845	-7.3751765	147.5392518	0.0432466	0.9978689	0.0488604	-0.9987863	0.0420289	0.0256808
3.5882511	6.4167116	170.4762375	0.3368640	0.9405939	-0.0424943	-0.9413185	0.3374448	0.0071118
3.5312798	-11.4143492	191.3628385	-0.0061133	-0.9982139	-0.0594283	0.9998117	-0.0050069	-0.0187485
3.1059850	-19.2381361	129.8800279	0.0063893	0.9892091	0.1463712	-0.9996999	0.0028570	0.0243303
2.6555608	-20.1590551	120.0848825	0.7542075	-0.6446484	-0.1248979	0.6562740	0.7463461	0.1107788
2.2647026	-2.1056470	124.3197943	-0.0261602	-0.9995224	-0.0164527	0.9994919	-0.0258525	-0.0186454
2.3087820	-13.6992164	89.8495700	-0.0283066	-0.9882875	-0.1499552	0.9992767	-0.0241661	-0.0293621
1.7130256	-11.7725449	92.6224277	0.0118827	0.9919765	0.1258630	-0.9997611	0.0094770	0.0196949
2.0311224	28.5326943	52.0142192	-0.0271849	-0.8759781	0.4815843	0.9990446	-0.0402986	-0.0169061
2.3843436	-21.8808418	79.0242499	-0.0355755	-0.9634043	-0.2656814	0.9989442	-0.0265487	-0.0374915
1.3709048	-19.1176426	71.1727022	0.0179206	0.9656976	0.2590501	-0.9996664	0.0124860	0.0226091
1.4110235	-23.0982433	50.7884304	-0.0058610	-0.9103271	-0.4138480	0.9996632	0.0051293	-0.0254402
0.3626510	-11.4864671	35.3848678	-0.4856034	-0.8329176	-0.2654009	0.8741249	-0.4592686	-0.1580443
0.8995937	7.4821362	50.2138679	0.0131828	0.9889598	-0.1475965	-0.9997561	0.0156517	0.0155787
0.4237945	-12.3074865	40.4877506	-0.8436757	0.5111249	0.1642030	-0.5367598	-0.8088089	-0.2402438
0.6018787	7.4493317	-8.1690370	-0.0285124	-0.7375594	-0.6746800	-0.9981142	0.0577129	-0.0209108
0.4337413	-17.9402556	56.0535203	-0.0330967	-0.9519613	-0.3044246	0.9994250	-0.0292772	-0.0171039
-0.0227934	-11.5899239	5.7800219	-0.0282633	-0.4460677	-0.8945528	0.9995990	-0.0141880	-0.0245074
-0.0124242	10.0376978	-30.8734203	-0.0136133	-0.9509128	-0.3091593	-0.9999073	0.0128279	0.0045730
0.0984209	-14.7925985	18.4978380	-0.0192563	0.7807908	0.6244957	-0.9998059	-0.0176338	-0.0087820
-0.3918696	4.6691986	-2.8167156	0.1416633	-0.5025899	-0.8528393	-0.9873164	-0.1341170	-0.0849641
0.1004146	-5.5889093	-29.6158202	-0.0025100	-0.9826540	0.1854317	-0.9999913	0.0018486	-0.0037394
-0.5203429	2.5736814	-8.5329871	0.8281334	-0.5206908	-0.2075481	-0.5574927	-0.8036033	-0.2083832
0.1877547	7.2174414	-18.3087133	0.0014334	0.9303172	0.3667532	0.9999535	-0.0048323	0.0083495
-0.5181992	-33.1399746	-13.8410079	0.0363002	0.3846534	-0.9223471	0.9992368	-0.0272953	0.0279431
-0.7901449	8.5305841	-31.9761270	-0.0361129	-0.9657994	-0.2567634	-0.9990626	0.0287540	0.0323583
-0.5387717	-7.6891725	-9.8292663	-0.0929956	-0.7817399	0.6166316	-0.9947318	0.0997750	-0.0235271
-0.7169679	34.2101545	-17.9003656	0.0055238	-0.4635180	-0.8860703	-0.9998124	-0.0190114	0.0037123
0.6175483	11.9066374	-11.1494862	0.0561765	0.6808840	0.7302337	0.9977038	-0.0659960	-0.0152169
-0.3300215	-34.3447617	-16.0251897	-0.0285829	0.4228870	-0.9057315	0.9995535	0.0041987	-0.0295833
-0.4116910	-0.4652825	-8.6504749	-0.0885392	-0.9944001	0.0576995	-0.9949409	0.0910507	0.0424536
-0.5275762	9.7834554	28.1118893	-0.0177689	-0.9443948	0.3283333	0.9996851	-0.0109605	0.0225755
0.0167907	16.7029255	-0.6019037	-0.0004174	0.0360129	0.9993512	0.9999994	-0.0009889	0.0004533
0.0055689	-12.7412227	11.0502706	0.0416543	0.6546390	0.7547932	-0.9991320	0.0270426	0.0316842
-0.2439950	2.8107673	19.0133513	0.0757838	0.9865443	-0.1448695	-0.9970435	0.0731241	-0.0236049
0.0458625	6.2329667	9.0526926	0.0119275	-0.8236189	0.5670183	0.9999202	0.0074580	-0.0102007
-0.1259042	-13.8077398	34.6565819	-0.0276381	-0.9285938	-0.3700671	0.9996123	-0.0269241	-0.0070955
-0.2495256	13.5181649	-10.6644817	0.0248349	0.6194583	0.7846366	0.9995865	-0.0040107	-0.0284720
0.2546029	6.3790566	19.0110879	0.0101547	0.9479628	-0.3182192	-0.9998678	0.0136664	0.0088049
-0.0876824	-19.9432174	15.3116948	0.0399081	-0.6086051	-0.7924691	0.9991973	0.0215395	0.0337767
-0.1762806	21.5451988	3.2188435	-0.0454411	0.1472433	-0.9880559	-0.9989342	-0.0147093	0.0437494
0.5399726	9.0607734	19.7120129	-0.0065309	0.9086571	-0.4174921	-0.9996691	0.0044558	0.0253358
0.2620858	-2.3631230	8.3897977	-0.2215274	-0.9404152	-0.2579630	0.9746909	-0.2053810	-0.0882969
0.5090641	-4.1170824	20.2604752	0.2867191	-0.9373958	-0.1976900	0.9576984	0.2857576	0.0340050
0.0777528	-3.8681614	3.4026995	0.0827629	-0.6572833	-0.7490855	0.9964550	0.0659618	0.0522155
0.3725899	2.2965325	24.1265214	-0.0047900	-0.9954819	0.0948310	0.9998704	-0.0062256	-0.0148486
0.2547379	16.8289681	22.0994518	-0.0125856	-0.7954499	0.6058887	0.9998787	-0.0155686	0.0003302
0.8862601	-5.5687204	1.9840204	0.1118111	0.3492534	0.9303335	-0.9826071	-0.1008224	0.1559429
-0.0583918	-34.2430182	9.1243330	0.0175334	0.2574071	0.9661440	-0.9998449	0.0061063	0.0165181
-0.1390796	17.3889711	21.9485659	-0.0211953	-0.7837087	0.6207668	0.9997630	-0.0135299	0.0170543
0.3821795	17.5937506	28.8570060	-0.0131248	0.8538260	-0.5203931	-0.9998499	-0.0053213	0.0164863
0.5382621	-3.0666719	-1.7043075	0.0471881	-0.4788919	0.8766047	-0.9873080	-0.1555904	-0.0318522
0.3581385	-8.7049729	-6.1316897	-0.0176301	-0.5762634	0.8170738	-0.9992793	-0.0173200	-0.0337770
0.1503058	-9.8760687	20.6714528	-0.0383991	-0.9017519	-0.4305451	0.9992409	-0.0318224	-0.0224692
-0.1049655	-8.9706248	-16.6943148	0.0040603	0.8808630	-0.4733538	0.9999764	-0.0061982	-0.0029568
-0.1263936	12.3514906	1.0901048	-0.0543893	0.0872328	-0.9947021	-0.9984678	-0.0149203	0.0532867
0.2774446	5.9428612	-13.7906738	-0.0515382	0.9175138	0.3943504	0.9985002	0.0400378	0.0373417
0.0998115	-6.6731807	-20.6120808	0.0314585	0.9509565	-0.3077207	0.9994944	-0.0285111	0.0140704
-0.1082180	-28.2757232	-11.9417417	-0.0134242	0.3890664	-0.9211119	0.9999037	0.0019752	-0.0137382
-0.8309741	6.2970225	-27.4785184	-0.0181782	0.9744525	0.2238569	0.9994005	0.0243069	-0.0246525
-0.0974966	4.6719905	-22.6603831	-0.0110758	0.9793310	0.2019606	0.9999298	0.0116986	-0.0018903
-0.8422904	-26.2749425	-48.8458353	0.0286469	0.8801041	-0.4739158	0.9994743	-0.0324217	0.0002054
-0.9230767	-0.1144316	-46.8959679	-0.0449920	0.9989861	-0.0015520	0.9987935	0.0449526	-0.0197694
-1.0472684	0.1115399	-53.9988449	0.0641954	-0.9979319	-0.0033063	-0.9977489	-0.0642473	0.0192179
-0.9678500	-4.1191208	-58.9411774	-0.0212579	-0.9973172	0.0700469	-0.9996399	0.0223506	0.0148527
-1.3195079	-17.1594549	-77.9815766	-0.8302308	0.5471794	-0.1063559	0.5571749	0.8089646	-0.1874364
-1.7081271	-18.4923923	-102.3071871	-0.0081682	0.9840448	-0.1777333	0.9998317	0.0051171	-0.0176182
-2.0826077	-1.2407459	-113.8654537	0.0443260	-0.9989663	0.0100746	-0.9988498	-0.0441317	0.0187499
-2.0388003	-18.0920912	-114.2255211	-0.0111262	-0.9875958	0.1566231	-0.9997827	0.0137482	0.0156675
-2.6626149	3.2427926	-114.4226627	-0.0125563	0.9995115	0.0286188	0.9996507	0.0132133	-0.0228874
-2.0305361	6.3618961	-113.3559814	0.0454617	-0.9973506	-0.0567888	-0.9988060	-0.0463985	0.0152875
-2.7126974	-34.6903744	-163.9216972	-0.0577435	-0.9765056	0.2076112	-0.9982002	0.0598457	0.0038539
-3.3621653	-29.2245226	-139.4189635	0.0121521	0.9785978	-0.2054233	0.9996477	-0.0167375	-0.0205986
-4.1116129	-23.0393546	-165.7337337	0.1846790	0.9728029	-0.1398151	0.9824918	-0.1862994	0.0015241
-4.1813234	24.1342138	-186.4452430	-0.0111264	-0.9916963	-0.1281196	-0.9996908	0.0081828	0.0234788
-3.6768642	-20.6107776	-207.2895079	-0.1143235	0.9887666	-0.0962851	0.9932868	0.1120455	-0.0287594
-4.9326934	-34.0482002	-218.1776990	-0.0078486	0.9880377	-0.1540129	0.9997198	0.0043133	-0.0232754
-4.7851910	21.6784550	-236.5414931	0.0248443	-0.9954734	-0.0917353	-0.9994884	-0.0265833	0.0177832
-4.6598229	-20.0970883	-260.6408643	-0.2186411	-0.9726101	0.0789034	-0.9756426	0.2193656	0.0005284
-5.4988011	-26.9679031	-265.0234978	-0.0153742	0.9947771	-0.1009062	0.9996688	0.0132095	-0.0220856
-5.6408583	6.1000085	-293.0243074	0.1280935	-0.9914929	-0.0231062	-0.9915754	-0.1284867	0.0164135
-5.5079517	2.3518743	-306.7093951	0.0073997	0.9999442	0.0075348	0.9998114	-0.0072630	-0.0180105
-5.7924722	-32.5275501	-308.0444669	0.1153309	-0.9880593	0.1021641	-0.9931512	-0.1127631	0.0305823
-6.7954214	-32.0406363	-331.3969563	0.0331380	-0.9948769	0.0955087	-0.9992424	-0.0310283	0.0234898
-6.9171994	24.0388267	-322.9206890	0.0478344	0.9961744	0.0731325	0.9986269	-0.0461296	-0.0248253
-6.3773009	-12.6801519	-342.1447043	-0.4186280	-0.9072125	0.0414249	-0.9079668	0.4190397	0.0013938
-7.4116570	-33.6515258	-366.1575734	0.2746063	0.9569990	-0.0935110	0.9613455	-0.2752829	0.0058405
-7.4519041	15.7791212	-370.5854949	0.0887881	0.9952231	0.0405901	0.9958480	-0.0878746	-0.0237666
-7.2434601	-9.8932048	-395.5051916	0.0087401	-0.9996531	0.0248453	-0.9997942	-0.0082811	0.0185178
-7.8396422	-21.4222975	-375.8836096	-0.0226158	-0.9980976	0.0573551	-0.9995275	0.0237683	0.0194921
-8.1101991	-12.1031985	-398.3244659	-0.0437339	0.9986090	-0.0294526	0.9988360	0.0431054	-0.0216469
-8.3913507	2.2623704	-406.3723061	-0.0051910	0.9999704	0.0056743	0.9997734	0.0053069	-0.0206152
-8.1469417	-0.4944443	-415.1539184	0.0040388	-0.9999912	0.0011117	-0.9997993	-0.0040162	0.0196248
-8.5418278	-18.6794021	-424.3854397	0.0549691	-0.9975702	0.0428018	-0.9982856	-0.0540444	0.0224718
-8.8492371	-11.1419697	-439.8356483	-0.0124649	0.9996079	-0.0250714	0.9997201	0.0119543	-0.0204166
-9.0356915	2.7839398	-431.3835043	-0.0457350	-0.9989385	-0.0054887	-0.9987341	0.0456091	0.0212137
-8.9241122	-8.3277740	-440.1532866	-0.0577647	0.9981731	-0.0177144	0.9981245	0.0573835	-0.0213227
-9.3832239	-13.0546576	-449.1813459	0.0186391	0.9993929	-0.0294349	0.9996083	-0.0192417	-0.0203222
-9.2239039	24.3737839	-473.7823936	0.3472389	-0.9361671	-0.0549215	-0.9375752	-0.3477824	0.0003616
-8.6646758	3.3561297	-429.2234146	0.0100030	-0.9999178	-0.0080204	-0.9997463	-0.0101625	0.0201023
-9.0928105	-20.6682869	-460.4535689	-0.0102468	0.9989507	-0.0446374	0.9997530	0.0093541	-0.0201625
-9.3555156	-6.7235475	-485.8977035	0.0157737	0.9997756	-0.0141380	0.9996903	-0.0160414	-0.0190262
-9.3611525	15.5106977	-445.3772764	-0.1300598	0.9908066	0.0372395	0.9912837	0.1307344	-0.0162823
-8.9483149	-6.2901960	-439.7799391	0.0891924	0.9958849	-0.0160590	0.9958067	-0.0894915	-0.0189819
-9.3099694	16.9126873	-440.4576255	0.0643865	0.9972414	0.0369311	0.9977016	-0.0635449	-0.0235285
-8.3202816	14.9517378	-450.5735217	-0.0018731	-0.9994493	-0.0331309	-0.9998280	0.0012604	0.0185046
-8.7696584	-10.7184234	-456.4648177	-0.0588921	-0.9979621	0.0245650	-0.9980796	0.0593368	0.0177819
-8.4981013	7.1239712	-428.9387635	-0.0054118	0.9998457	0.0167130	0.9997892	0.0057410	-0.0197124
-8.6192192	-1.6149077	-431.8725581	0.4903149	0.8714477	-0.0130442	0.8713169	-0.4904741	-0.0155555
-8.3756889	16.9215662	-404.5499763	-0.1090725	0.9930685	0.0437964	0.9938186	0.1098597	-0.0159805
-8.1072545	-5.8388598	-395.5797824	0.0153290	-0.9997782	0.0144428	-0.9996726	-0.0150282	0.0207097
-8.2757704	20.4768284	-410.6814444	-0.0711044	0.9961590	0.0511019	0.9972659	0.0720301	-0.0165048
-7.4113930	7.6706662	-406.3175525	0.0383586	-0.9990726	-0.0195607	-0.9990977	-0.0387021	0.0174933
-7.8915273	-2.8402059	-362.4128869	-0.0757190	0.9971101	-0.0061655	0.9968915	0.0755645	-0.0222995
-7.4300435	0.5177785	-362.8209892	0.0345202	0.9994037	0.0007193	0.9991943	-0.0344982	-0.0205113
-7.7751863	14.4454539	-379.8714709	-0.0001910	-0.9992779	-0.0379958	-0.9997909	-0.0005862	0.0204414
-6.7818428	21.9105738	-370.2262208	0.0206295	0.9980631	0.0586891	0.9996200	-0.0195170	-0.0194662
-6.9298170	0.9940853	-326.8081385	0.0391382	-0.9992263	-0.0038694	-0.9990089	-0.0392113	0.0210643
-6.5031356	8.3356731	-328.1976030	-0.0002122	0.9996775	0.0253943	0.9998039	0.0007150	-0.0197926
-6.5190459	15.0730192	-303.5283151	0.0460608	-0.9976597	-0.0505324	-0.9987084	-0.0470773	0.0191120
-5.8903186	7.5397415	-303.0642887	-0.0588485	0.9979290	0.0259706	0.9980779	0.0593237	-0.0179226
-6.2128253	-8.6832445	-310.2370519	0.0798524	-0.9964599	0.0262909	-0.9966058	-0.0792790	0.0221770
-5.9621801	18.6665155	-277.5173693	-0.1074642	-0.9921195	-0.0644237	-0.9939780	0.1058166	0.0284721
-5.4979647	20.6497406	-277.9061596	0.0054053	0.9972441	0.0739930	0.9997908	-0.0039299	-0.0200714
-5.0236941	15.0812853	-242.9866325	-0.0576835	-0.9964906	-0.0606559	-0.9981217	0.0563091	0.0241308
-4.7533599	8.0629364	-252.7437569	0.0000179	0.9994915	0.0318851	0.9998234	0.0005814	-0.0187852
-4.3520245	36.5190528	-224.6023664	0.0445395	0.9861948	0.1594866	0.9988246	-0.0409045	-0.0260046
-3.5296093	-5.2983053	-211.2769748	0.1460281	-0.9890277	0.0223628	-0.9891395	-0.1455884	0.0201756
-4.2887062	-7.1826443	-183.1653189	0.0051442	-0.9992235	0.0390631	-0.9997132	-0.0042252	0.0235734
-3.5467374	30.6585556	-179.2320451	-0.0172540	0.9854800	0.1689128	0.9996609	0.0202978	-0.0163098
-3.1557543	24.0186042	-157.1846214	0.0601329	0.9869166	0.1495986	0.9979931	-0.0564628	-0.0286642
-2.5496309	-4.4975076	-125.6183408	-0.0030183	-0.9993529	0.0358410	-0.9997898	0.0037426	0.0201584
-2.9842650	14.1692858	-137.8033900	0.0412823	0.9939979	0.1013113	0.9989154	-0.0388743	-0.0256296
-1.9542748	21.1100642	-127.4701579	0.2688027	-0.9495799	-0.1613790	-0.9630765	-0.2676010	-0.0295517
-2.3067656	-16.0302141	-136.5829548	0.0066543	-0.9931740	0.1164526	-0.9998372	-0.0046550	0.0174327
-2.2452684	7.9889517	-120.5800069	-0.0381712	0.9970380	0.0667689	0.9990985	0.0393215	-0.0159986
-1.9646239	24.3035844	-85.2017470	0.0045633	0.9616602	0.2742059	0.9997438	0.0016916	-0.0225701
-1.1991009	23.4887526	-56.6335744	0.0201366	-0.9233661	-0.3833921	-0.9996060	-0.0260935	0.0103424
-0.8691743	16.8516658	-54.7799734	-0.0946185	-0.9519300	-0.2913358	-0.9953981	0.0860081	0.0422518
-0.5405936	-11.3332328	-44.9664802	0.0079667	0.9696224	-0.2444768	0.9999003	-0.0105744	-0.0093558
-1.0885074	1.2348727	-71.2317221	-0.0076648	-0.9998224	-0.0172158	-0.9998539	0.0073998	0.0154073
-0.4608138	16.9989540	-40.7507405	-0.0155411	0.9227463	0.3850944	0.9998248	0.0183612	-0.0036469
-0.6380751	-15.4122577	-31.4512003	-0.3236231	0.8522313	-0.4110594	0.9460107	0.2830705	-0.1579075
-0.6854643	18.6343369	-3.5772275	0.0122217	0.1889468	0.9819113	0.9992734	0.0331462	-0.0188160
-0.0430492	12.2827455	-18.5125841	0.0143853	-0.8331718	-0.5528270	-0.9998946	-0.0130580	-0.0063386
-0.1983036	-6.9543671	-38.7601488	-0.0239339	0.9840219	-0.1764313	0.9997009	0.0226690	-0.0091819
-0.1687973	-0.4943485	-13.6315165	0.0955509	0.9947271	-0.0372571	0.9953476	-0.0959418	-0.0088459
-0.2046471	8.1687165	-22.3099593	-0.0173424	-0.9389442	-0.3436322	-0.9998125	0.0133247	0.0140500
0.0784753	-1.9619378	39.8192214	0.0114313	0.9987242	0.0491857	-0.9999327	0.0113206	0.0025284
-0.1189063	10.0424963	14.6378152	0.0193908	-0.8243653	0.5657259	0.9997895	0.0197785	-0.0054478
0.5761718	22.4388517	18.6929988	0.0346310	0.6391532	-0.7682993	-0.9992055	0.0373162	-0.0139955
0.7250353	4.4107987	15.6468990	0.9177296	0.3691657	-0.1465915	-0.3946989	0.8889586	-0.2323046
0.7764523	-16.6663877	6.0612665	0.0540490	0.3435043	0.9375945	-0.9975798	-0.0225556	0.0657705
0.2917769	10.1968093	16.9096734	0.0213375	-0.8563190	0.5160062	0.9996632	0.0106466	-0.0236693
0.8775776	-12.6718927	8.3260689	-0.2767621	0.5142135	0.8117803	-0.9591997	-0.1986287	-0.2012029
-0.1283605	-10.8272595	7.7383129	0.0072659	0.5813925	0.8135908	-0.9999271	0.0120715	0.0003037
0.5843362	21.2145507	28.2209931	0.0474150	0.7979651	-0.6008356	-0.9987382	0.0478383	-0.0152818
0.3355543	-19.2560088	34.6685550	-0.0040509	-0.8742128	-0.4855261	0.9999560	0.0005668	-0.0093637
0.1536324	6.1638911	18.7959919	-0.0416390	-0.9492856	0.3116457	0.9991025	-0.0419850	0.0056021
0.3514843	-7.0518469	5.3932050	-0.0557121	0.6047969	0.7944287	-0.9976628	-0.0652462	-0.0202928
0.0798167	15.5585569	10.5171296	-0.7826030	0.3513783	-0.5138735	-0.6225067	-0.4360894	0.6498550
0.7651717	-5.2101508	6.2310075	0.1125970	-0.7554256	-0.6454875	0.9892043	0.1465395	0.0010563
-0.1296945	-20.8087764	14.1650969	-0.0773183	-0.5607070	-0.8243964	0.9969931	-0.0477555	-0.0610253
0.1239576	11.2341394	17.1482977	-0.0137726	-0.8363574	0.5480114	0.9998869	-0.0148339	0.0024902
-0.0624634	-17.9556426	-31.4955771	-0.0393987	-0.8680316	0.4949433	-0.9992221	0.0350799	-0.0180174
-0.3530908	4.3140579	1.9292771	0.0280028	0.4099923	-0.9116590	-0.9968272	-0.0565256	-0.0560396
-0.0233327	4.0750725	6.5264186	0.0065109	0.8482208	-0.5296028	-0.9999742	0.0039167	-0.0060206
-0.2699583	-9.7188606	-3.0433075	0.0037259	0.2987300	-0.9543304	0.9996419	-0.0264011	-0.0043614
-0.3812888	-8.2797004	6.8118238	0.5843547	-0.5314496	-0.6132625	0.8107197	0.3492293	0.4698643
-0.7411508	-16.1258754	-13.3174156	-0.0251768	-0.6358789	0.7713781	-0.9990555	0.0433407	0.0031196
-0.8864593	11.2512591	7.9718029	0.0705434	-0.5729751	0.8165312	0.9954435	0.0930827	-0.0206825
-0.3258441	21.9842673	-15.2401200	0.0035303	-0.5696825	-0.8218573	-0.9999196	-0.0120215	0.0040376
-0.0838363	-0.6753701	2.2033050	0.0306052	0.9553171	0.2939940	-0.9988702	0.0399304	-0.0257676
-0.2062597	-4.1148072	-12.8073777	0.0202941	-0.9519677	0.3055253	-0.9996765	-0.0146351	0.0208016
-0.2937964	-9.6323739	-56.4003012	-0.0312749	-0.9852183	0.1684243	-0.9994976	0.0316930	-0.0002062
-0.5840995	-3.1336548	-24.5159010	-0.1131815	0.9858914	-0.1233213	0.9932934	0.1093231	-0.0376394
-0.4669959	0.5683401	0.9858104	-0.0415431	0.8569471	-0.5137274	-0.9241891	-0.2283419	-0.3061610
-0.5577063	4.7550366	9.0918251	0.0284165	0.8864827	-0.4618885	-0.9981215	0.0000740	-0.0612650
-0.3428944	-4.4442915	-13.1824652	0.2262103	-0.9247996	0.3058997	-0.9737668	-0.2067534	0.0950332
-0.6696112	-1.3182166	-21.5184196	-0.0209030	-0.9978709	0.0617799	-0.9992994	0.0227718	0.0297012
-0.2704633	19.1246752	-16.3118684	-0.0107315	-0.6489889	-0.7607222	-0.9998845	-0.0012211	0.0151472
-0.0476934	0.4846400	-11.1393458	-0.0105502	0.9989973	0.0435086	0.9999352	0.0107263	-0.0038146
-0.1024340	0.2033018	-17.2592940	0.0172592	0.9997829	0.0116743	0.9998334	-0.0171884	-0.0061365
0.0274849	7.3166071	-8.4015862	0.2596642	0.7278337	0.6346909	0.9656958	-0.1973837	-0.1687344
0.1895990	5.3137500	1.9933578	0.0649001	-0.3525205	0.9335509	0.9973330	-0.0083880	-0.0725016
0.3928509	18.0434138	2.1382770	0.0509149	-0.1186243	0.9916330	0.9984690	-0.0154449	-0.0531135
0.6693466	-19.8679707	-4.7191062	0.0183091	-0.2304712	0.9729069	-0.9992955	-0.0361015	0.0102536
-0.1814920	-8.4167776	31.3627442	0.0180753	0.9656405	0.2592522	-0.9998210	0.0189063	-0.0007120
0.4073009	20.4722539	42.6361965	0.0174808	-0.9013937	0.4326474	0.9998101	0.0120321	-0.0153285
0.5570845	16.9901107	39.1147476	0.0142601	-0.9171907	0.3981932	0.9998130	0.0078772	-0.0176612
1.2398517	14.7673749	69.0888936	0.0016341	-0.9779154	0.2089948	0.9998447	-0.0020694	-0.0175006
1.1769170	-1.5261429	71.2870114	-0.1079871	-0.9939611	-0.0194963	0.9940153	-0.1076259	-0.0187149
1.3557023	6.5982954	50.1700486	-0.0929762	0.9874891	-0.1273608	-0.9953081	-0.0887383	0.0385661
1.3744536	-2.4060201	76.8671292	-0.0403930	0.9986719	0.0319817	-0.9990241	-0.0409383	0.0165820
1.5132426	23.5006594	85.7620428	-0.0043169	0.9644566	-0.2642059	-0.9998459	0.0003326	0.0175508
2.2810869	18.1909964	91.6926589	0.0648543	-0.9791247	0.1926361	0.9975965	0.0588963	-0.0365022
2.3899412	12.3093178	134.9420730	0.0335640	-0.9953578	0.0902014	0.9992810	0.0318294	-0.0206016
2.8149584	-2.5693539	113.8509806	0.0443295	0.9987868	0.0214443	-0.9987113	0.0437748	0.0256810
2.3787494	-3.8134626	144.1266613	-0.0270101	-0.9992971	-0.0259947	0.9994990	-0.0265681	-0.0171993
2.7888481	14.3157916	170.6534580	0.0384731	0.9957095	-0.0841569	-0.9991270	0.0397036	0.0129972
2.9688931	19.6367542	139.3654887	0.0302179	-0.9898554	0.1388280	0.9993208	0.0269878	-0.0250911
3.6170065	6.6679056	162.1790377	0.3265415	0.9440581	-0.0460972	-0.9449203	0.3272119	0.0076210
3.7000485	44.8614282	200.9480613	0.0073347	-0.9759769	0.2177507	0.9998117	0.0032449	-0.0191339
5.1515960	1.3429465	184.0873039	-0.0814944	-0.9966280	0.0095511	0.9962812	-0.0817275	-0.0272842
3.8804238	-28.8486779	178.2503617	-0.7373433	0.6641263	0.1235362	-0.6751765	-0.7303583	-0.1035056
4.4743382	31.9509979	220.7696747	-0.1368087	0.9807727	-0.1391701	-0.9903945	-0.1325799	0.0392600
4.7614291	6.6208642	239.6177177	0.0561831	0.9980081	-0.0286923	-0.9982230	0.0567204	0.0182684
5.0736602	17.6192016	228.8532592	0.0052889	-0.9970445	0.0766443	0.9997418	0.0035782	-0.0224397
5.6183426	25.4422486	285.5156137	-0.2101748	-0.9734309	0.0908781	0.9774674	-0.2110859	-0.0004247
6.2136742	21.6187160	284.9708127	-0.3547552	0.9328321	-0.0630321	-0.9347065	-0.3522850	0.0471063
6.4534111	-10.2053417	300.6290556	0.0177715	-0.9992535	-0.0343028	0.9996120	0.0184929	-0.0208303
6.0593386	-0.0192901	334.7752272	-0.2291642	0.9733787	0.0042039	-0.9732195	-0.2292028	0.0176018
6.5541609	22.1654482	341.1515159	-0.0045726	0.9978912	-0.0647476	-0.9998058	-0.0033210	0.0194239
6.8852915	12.4897647	339.1542256	0.0258538	-0.9990077	0.0362648	0.9994599	0.0250954	-0.0212146
7.2419938	12.8421124	364.4333875	-0.0748937	-0.9965195	0.0366042	0.9969938	-0.0755592	-0.0171496
7.4825541	8.3529160	382.5300642	-0.0714132	0.9972386	-0.0203788	-0.9972552	-0.0709840	0.0210570
7.6797323	7.3512815	400.5042219	0.0170570	-0.9996921	0.0180223	0.9996708	0.0167056	-0.0194755
7.8363515	6.2094965	414.5499457	-0.0017108	-0.9998859	0.0150095	0.9998200	-0.0019939	-0.0188700
7.9090484	-5.4665910	392.0616112	-0.0255728	0.9995685	0.0144531	-0.9994695	-0.0258566	0.0198017
7.9023420	24.2457270	420.3945396	0.1171030	0.9913432	-0.0593757	-0.9929425	0.1180022	0.0118592
8.7785255	15.6258349	437.9203955	0.0089065	-0.9993307	0.0354795	0.9997597	0.0081884	-0.0203333
8.4605425	-20.0629796	433.9559741	-0.1221041	0.9913456	0.0482132	-0.9923263	-0.1228895	0.0136652
8.4910151	31.2249439	443.8507657	0.0153815	0.9973959	-0.0704612	-0.9996996	0.0166852	0.0179508
9.3220926	-1.0671529	443.1956161	0.0606751	-0.9981508	-0.0036796	0.9979360	0.0607388	-0.0208441
8.5900211	-14.1060007	414.3241511	0.0688836	0.9970946	0.0325188	-0.9974096	0.0681553	0.0229993
9.0691827	26.8709718	445.0403361	0.0143861	0.9980612	-0.0605548	-0.9996897	0.0155885	0.0194308
9.3137078	-6.3273949	455.2252035	0.0287143	-0.9994828	-0.0144798	0.9993784	0.0290017	-0.0200437
9.0381765	-3.3203656	440.2967542	-0.0288591	-0.9995594	-0.0069455	0.9993728	-0.0287097	-0.0207311
9.1570723	-0.8268466	445.3284411	-0.0060403	0.9999798	0.0019809	-0.9997704	-0.0060797	0.0205465
8.9066783	-9.4068615	476.9682027	0.6417046	0.7669454	0.0031430	-0.7667247	0.6414094	0.0269675
8.8430216	0.5951605	457.3906001	-0.0052369	-0.9999853	0.0014024	0.9997994	-0.0052630	-0.0193229
8.8529821	-0.3367121	452.2612188	-0.0864522	0.9962530	0.0024340	-0.9960637	-0.0864833	0.0194335
8.8689758	4.8615323	457.5676410	-0.0542102	0.9984838	-0.0095579	-0.9983415	-0.0540117	0.0199246
8.9950631	-2.6316874	430.8274723	-0.0063808	-0.9999618	-0.0059750	0.9997618	-0.0062546	-0.0209118
8.8692219	6.3769861	437.4977199	-0.0235327	0.9996237	-0.0140935	-0.9995176	-0.0232397	0.0206016
9.1459273	-4.4177432	473.3123385	0.0185583	0.9997875	0.0089731	-0.9996411	0.0183806	0.0194879
8.6583953	-15.2821276	415.2921036	0.0057013	-0.9993030	-0.0368917	0.9997668	0.0064647	-0.0206062
8.6731057	9.1080115	416.0550155	-0.0041158	0.9997539	-0.0218002	-0.9997744	-0.0036597	0.0209215
8.6862841	-19.7191859	437.2056200	0.0185141	0.9988297	0.0446822	-0.9996317	0.0176050	0.0206544
8.0684725	-1.9894830	434.7681782	0.0558032	-0.9984261	-0.0056044	0.9982694	0.0558970	-0.0182702
8.3401809	-15.3638716	415.8213155	0.0266018	-0.9989446	-0.0374428	0.9994452	0.0273286	-0.0190363
7.3441421	-26.2702767	391.3398542	-0.0072951	0.9977187	0.0671128	-0.9997981	-0.0085338	0.0181900
7.5472160	24.5690123	368.6364968	0.0409685	-0.9970040	0.0656099	0.9989517	0.0395293	-0.0230864
7.8603769	-8.8015018	358.8309077	0.0090760	-0.9996532	-0.0247186	0.9997191	0.0096123	-0.0216636
7.1111979	-42.3341952	347.1119609	-0.0142714	0.9925084	0.1213399	-0.9996914	-0.0166306	0.0184522
6.4368894	3.1282752	334.5439093	-0.0206099	-0.9997401	0.0097450	0.9996025	-0.0207926	-0.0190387
6.8983787	3.8692997	321.5031401	0.0078047	-0.9998991	0.0118664	0.9997395	0.0075478	-0.0215419
6.3133270	-32.5776718	295.3182885	-0.0465017	-0.9930030	-0.1085478	0.9986923	-0.0439049	-0.0261934
5.7489984	-14.8031209	314.7685721	-0.0467248	0.9977646	0.0477768	-0.9987412	-0.0475369	0.0160056
5.6282120	7.4840419	303.8563993	0.0184076	-0.9995358	0.0242778	0.9996591	0.0179493	-0.0189584
5.7519223	-13.7279749	287.7288969	-0.8218811	-0.5695578	-0.0107444	0.5693092	-0.8205691	-0.0505315
5.0675681	-21.9556608	236.3227586	-0.0157440	0.9955575	0.0928303	-0.9996482	-0.0176545	0.0197957
4.9714144	7.2555043	252.7062710	0.0244517	0.9992753	-0.0291714	-0.9995077	0.0250105	0.0189449
4.8679657	-32.6431432	247.5583953	0.0305061	-0.9908788	-0.1312575	0.9993445	0.0327970	-0.0153264
3.7835248	-20.7516500	188.8891112	-0.0258698	-0.9937427	-0.1086559	0.9994671	-0.0235471	-0.0226066
3.9727388	4.5867336	186.1318877	0.0121823	0.9996159	-0.0248929	-0.9996982	0.0127068	0.0210241
3.7484068	-0.8172655	180.6125471	0.1129521	-0.9935769	-0.0068401	0.9933838	0.1130685	-0.0201049
3.8118614	-20.3362865	173.3069834	0.0278836	-0.9927283	-0.1171026	0.9993726	0.0302445	-0.0184321
2.9255196	-19.1258329	182.7318520	0.0292928	-0.9940916	-0.1045167	0.9994441	0.0307939	-0.0127779
2.9989918	-2.9862573	171.0594594	-0.0241997	-0.9995622	-0.0170255	0.9995535	-0.0238939	-0.0179412
2.6638771	-0.9595465	151.3266553	-0.0425363	-0.9990793	-0.0055863	0.9989399	-0.0424305	-0.0178539
2.8838931	-5.6330313	131.8787984	-0.0029215	0.9990820	0.0427384	-0.9997572	-0.0038517	0.0216979
2.2572344	-27.9510100	133.6337061	-0.0879468	0.9747268	0.2053607	-0.9959880	-0.0894670	-0.0018896
1.9474450	3.6494150	114.1826087	-0.0293737	-0.9990422	0.0324316	0.9994232	-0.0299072	-0.0160898
2.0973882	-6.2037522	67.7656059	-0.1052640	0.9900021	0.0938899	-0.9939670	-0.1076684	0.0209072
1.4886451	-34.6355788	72.7201677	-0.0368284	-0.9025071	-0.4290974	0.9991507	-0.0253149	-0.0325106
0.8600326	-7.0328722	37.7657274	0.0249204	0.9828954	0.1824709	-0.9994388	0.0204089	0.0265607
1.0066864	4.1058421	57.0299563	0.0114980	0.9973379	-0.0720058	-0.9997789	0.0127341	0.0167312
0.7461064	-23.6355809	46.6427111	0.0065358	-0.8919493	-0.4520881	0.9998769	0.0122795	-0.0097718
0.3038041	5.4314850	4.1314511	0.0493621	0.6029219	-0.7962717	-0.9977903	0.0652685	-0.0124344
0.7696390	3.2725303	35.7473997	0.0159536	0.9956778	-0.0914938	-0.9996429	0.0178447	0.0198886
0.4001188	-5.2612463	29.8785944	0.0422121	0.9840666	0.1727165	-0.9990216	0.0392912	0.0202971
0.5320968	-11.3963220	16.5388775	0.0166241	-0.8230770	-0.5676864	0.9995110	0.0287181	-0.0123682
-0.0966964	-10.9743153	22.4387719	-0.0177618	0.8982057	0.4392163	-0.9998348	-0.0142554	-0.0112806
0.1600604	10.7299056	5.0671900	0.0170881	-0.4271724	0.9040087	0.9997630	-0.0048964	-0.0212118
0.1306190	-5.1825440	-15.5989498	-0.0248434	-0.9487644	0.3150063	-0.9996598	0.0210724	-0.0153717
0.0667769	0.7052938	-22.7050628	-0.0073097	0.9994918	0.0310260	0.9999690	0.0072149	0.0031651
-0.0194773	-18.2282958	-7.8606828	0.0116705	-0.3959683	0.9181900	-0.9999314	-0.0037204	0.0111050
-0.4679097	8.0599340	-47.1274243	-0.0047027	-0.9856854	-0.1685294	-0.9999411	0.0029860	0.0104387
0.1292449	3.7219679	-8.6012507	-0.0032131	-0.9177372	-0.3971752	-0.9998998	0.0084254	-0.0113789
-0.3600594	-10.2067003	-29.4679753	-0.0681592	0.9429839	-0.3257846	0.9976077	0.0606398	-0.0331930
-0.0683704	14.8576736	-29.9636471	0.0112643	-0.8958400	-0.4442339	-0.9999345	-0.0109999	-0.0031727
-0.1356334	-24.1182673	15.6492379	-0.0251514	-0.5440407	-0.8386818	0.9996725	-0.0176466	-0.0185323
-0.7101701	4.5632710	-9.2674366	-0.0142694	0.8966133	0.4425844	0.9975431	0.0431267	-0.0552069
-0.0310803	17.9044772	-3.4159467	0.0007878	0.1874082	0.9822818	0.9999982	0.0015273	-0.0010934
-0.1867182	-12.2755504	10.7906003	-0.0530742	-0.6588320	-0.7504156	0.9985252	-0.0436106	-0.0323339
-0.2777647	3.1247067	-6.8796794	-0.0275696	0.9097214	0.4143028	0.9989446	0.0403046	-0.0220260
-0.3054435	-17.9687919	-34.4690979	0.0083657	0.8866825	-0.4623030	0.9999341	-0.0110506	-0.0031001
-0.7200128	16.6910587	-4.2193363	0.0676794	0.2472620	0.9665821	0.9968317	0.0238167	-0.0758900
0.1367124	5.0160565	-18.4301972	0.0486303	0.9636683	0.2626376	0.9987912	-0.0488020	-0.0058733
-0.5901888	-21.4641852	-17.8284584	0.0036492	0.6388855	-0.7692932	0.9997697	-0.0185993	-0.0107039
-0.3639434	20.8473392	-21.6960682	0.0237443	-0.7206676	-0.6928741	-0.9996449	-0.0255002	-0.0077340
-0.0876660	-2.6929965	9.4539235	-0.0178235	-0.9615456	-0.2740663	0.9998014	-0.0195850	0.0036922
-0.2739410	3.6530480	5.8115306	0.8622439	0.4461347	-0.2397901	-0.5049211	0.7198598	-0.4762946
0.0068382	-2.6074398	31.2387017	0.0056511	-0.9965186	-0.0831789	0.9999840	0.0056497	0.0002527
-0.2584615	10.1700495	-26.5580075	-0.0047221	0.9338439	0.3576496	0.9999476	0.0076599	-0.0067982
0.2987360	-3.3821159	21.3215401	0.0143095	-0.9875195	-0.1568452	0.9998019	0.0163017	-0.0114224
-0.2240692	7.4742232	-2.5722578	0.0033344	-0.3253273	-0.9455956	-0.9995929	-0.0278789	0.0060667
0.6496289	17.8934096	18.2246491	-0.0079910	-0.7133965	0.7007151	0.9996447	-0.0235174	-0.0125430
0.2018711	-28.9557639	-15.7979464	-0.0070571	-0.4789691	0.8778034	-0.9999564	-0.0019922	-0.0091262
-0.0620539	12.8968656	4.4413901	0.0624586	0.3252432	-0.9435655	-0.9980372	0.0160444	-0.0605338
0.4479812	5.3198444	18.4206094	0.0433022	-0.9601164	0.2762271	0.9987889	0.0351385	-0.0344381
0.1893846	-2.4300803	22.8339704	0.0082926	0.9943577	0.1057546	-0.9999316	0.0073736	0.0090781
0.5141366	13.5289657	37.3665176	0.0235857	-0.9401105	0.3400530	0.9996381	0.0177760	-0.0201903
0.4450106	-22.1010961	7.4781606	-0.0043622	-0.3205869	-0.9472091	0.9998086	0.0166649	-0.0102448
-0.1305297	-2.5814934	11.2802677	0.1405495	-0.9654756	-0.2193231	0.9900094	0.1345251	0.0422420
0.2272943	4.4993958	15.9653699	-0.1213452	-0.9549423	0.2708515	0.9925158	-0.1204958	0.0198282
-0.0291305	-2.4654749	41.4628489	0.0024940	0.9982336	0.0593590	-0.9999966	0.0025313	-0.0005521
0.2044555	3.3391492	13.6533615	0.0050962	-0.9713767	0.2374895	0.9998812	0.0014956	-0.0153387
0.0038751	-7.8976132	2.9383701	-0.0551734	-0.3481975	-0.9357961	0.9984767	-0.0188089	-0.0518705
0.0101974	5.0049031	13.5617779	-0.0230410	-0.9378985	0.3461438	0.9997343	-0.0218602	0.0073157
0.1768895	8.3233602	18.1137191	-0.0294850	0.9083750	-0.4171157	-0.9995258	-0.0230897	0.0203707
0.3274348	1.7705996	-11.6371609	0.0217826	0.9882964	0.1509827	0.9993760	-0.0257246	0.0242054
0.1609391	-18.0002134	32.5848857	-0.0107558	-0.8752955	-0.4834688	0.9999328	-0.0073245	-0.0089849
-0.2717838	-3.6123803	-33.7482167	0.0588903	0.9925441	-0.1067153	0.9982323	-0.0594084	-0.0016800
-0.0434845	8.4088317	0.0070552	-0.0073526	0.0008010	-0.9999726	-0.9999596	-0.0051772	0.0073483
-0.2506293	-28.1504472	-31.3597861	-0.0124803	0.7441507	-0.6678951	0.9999044	0.0053150	-0.0127624
-0.9606257	-7.1121681	-70.7250272	0.0469537	0.9938207	-0.1005772	0.9988057	-0.0480729	-0.0087321
-0.7174692	-1.3283466	-53.3336400	0.0361648	0.9990238	-0.0253685	0.9992554	-0.0364914	-0.0125336
-1.2099844	-17.8314483	-55.6686244	0.0295145	-0.9521086	0.3043323	-0.9993501	-0.0218036	0.0287054
-1.3205553	-0.4130819	-53.6635685	-0.0288663	-0.9995479	0.0084045	-0.9992805	0.0290635	0.0243666
-1.3976134	-4.7892040	-76.5483065	0.0093219	0.9979946	-0.0626092	0.9997906	-0.0104429	-0.0176008
-1.5276058	-4.3629341	-95.9232220	-0.1209972	-0.9915383	0.0470257	-0.9925254	0.1216050	0.0102752
-1.7426473	-20.1378825	-103.6371277	-0.0398976	0.9809836	-0.1899455	0.9990675	0.0360249	-0.0237993
-2.4146456	-23.9024667	-106.4977973	-0.0931798	0.9719307	-0.2160284	0.9954036	0.0861178	-0.0418973
-2.7015040	-1.9533709	-131.7041496	-0.4656944	0.8849384	-0.0035727	0.8847080	0.4654720	-0.0250507
-2.6624294	2.2125637	-161.8935450	-0.1147247	-0.9933286	-0.0116889	-0.9932613	0.1145063	0.0178997
-2.8101251	-20.5918038	-159.8941923	-0.0051259	0.9918075	-0.1276388	0.9998350	0.0028586	-0.0179401
-3.3577960	-4.0530875	-140.6742384	0.0384030	0.9988210	-0.0296946	0.9989776	-0.0390845	-0.0227188
-3.2204265	-14.2927209	-210.3722312	0.0180216	-0.9975566	0.0674983	-0.9997210	-0.0169473	0.0164554
-4.0105374	-18.2273583	-177.1018745	-0.1251970	-0.9866260	0.1043789	-0.9918763	0.1268582	0.0094051
-3.9562591	-2.7181738	-207.2000078	0.0487809	0.9987109	-0.0140331	0.9986271	-0.0490357	-0.0184244
-4.3584094	-13.5206773	-198.3327938	0.0777157	0.9945496	-0.0695079	0.9967346	-0.0790406	-0.0165151
-4.5996115	-21.4187251	-193.3613508	0.0832716	-0.9906837	0.1077576	-0.9962465	-0.0801953	0.0325816
-5.2797562	-13.8842707	-247.0869533	-0.0198608	-0.9982042	0.0565153	-0.9995752	0.0210305	0.0201772
-5.3200608	-10.6785263	-282.4321970	-0.0063091	-0.9992616	0.0379001	-0.9998030	0.0070167	0.0185676
-5.8713300	-16.9344817	-260.1820662	-0.0137736	-0.9977737	0.0652530	-0.9996517	0.0152101	0.0215684
-5.8831756	11.3268211	-272.2800609	-0.0440846	0.9981245	0.0424744	0.9987946	0.0449530	-0.0197110
-5.8054473	-21.0819914	-305.1182723	0.0876124	0.9936693	-0.0703241	0.9959738	-0.0887229	-0.0128200
-6.6389576	-19.6695733	-311.6469800	-0.0477014	-0.9968137	0.0639300	-0.9986355	0.0489548	0.0181840
-6.4327224	23.0904517	-356.4793460	-0.0024259	0.9979030	0.0646815	0.9998350	0.0035850	-0.0178100
-6.1225217	-9.5413097	-354.5684344	0.0160783	0.9995014	-0.0271739	0.9997218	-0.0165391	-0.0168177
-6.8161529	-30.4535105	-366.2195694	0.8107021	0.5820065	-0.0634865	0.5851650	-0.8089520	0.0563783
-7.3305177	-17.5990137	-351.3145977	-0.0245545	0.9984720	-0.0495058	0.9994813	0.0234870	-0.0220317
-7.7114905	-9.0894045	-396.6726988	0.0390259	0.9989583	-0.0236489	0.9990492	-0.0394678	-0.0185176
-7.8052464	-3.4259918	-369.2146395	0.0353362	-0.9993391	0.0085260	-0.9991520	-0.0351466	0.0214483
-7.9422897	-5.1071028	-394.9802244	-0.0812563	0.9966297	-0.0112525	0.9964905	0.0810069	-0.0210849
-8.1195069	-14.3626460	-404.4377135	0.0445542	0.9983455	-0.0363483	0.9988056	-0.0452463	-0.0184452
-8.5449632	-12.2903377	-432.5260512	-0.0107770	-0.9995324	0.0286149	-0.9997470	0.0113355	0.0194288
-8.5345798	13.9084098	-429.9852138	-0.1927632	-0.9808486	-0.0279007	-0.9810448	0.1920711	0.0256851
-8.2821470	-11.9838531	-443.3914795	-0.0400805	0.9988516	-0.0262480	0.9990220	0.0395689	-0.0197303
-8.8702520	-6.7018598	-422.6910589	0.0460464	-0.9988286	0.0148704	-0.9987190	-0.0457185	0.0216832
-8.5537980	6.7662388	-469.3019267	-0.0479602	-0.9987577	-0.0135256	-0.9986830	0.0477008	0.0188904
-8.9972965	-38.1574217	-475.1294776	-0.0401622	0.9960469	-0.0792315	0.9990149	0.0385308	-0.0220123
-9.6453718	14.0209361	-439.2484588	0.2894066	0.9569006	0.0241895	0.9569547	-0.2886589	-0.0302277
-8.7381309	13.2221041	-448.2526604	-0.8585159	-0.5127843	0.0016101	-0.5124167	0.8580112	0.0352977
-9.3327182	-28.8899530	-421.9641191	-0.0075134	0.9976476	-0.0681382	0.9997284	0.0059909	-0.0225215
-9.4252517	19.3039381	-457.7085105	0.1059211	0.9935808	0.0397233	0.9941618	-0.1049876	-0.0248999
-8.8846740	5.0922032	-434.9132417	0.0277023	-0.9995409	-0.0122691	-0.9994076	-0.0279452	0.0200893
-9.2650934	-18.7684040	-468.4686340	0.0415398	0.9983028	-0.0408169	0.9989415	-0.0423049	-0.0180616
-9.3859200	7.8813354	-445.7468614	-0.0184143	0.9996673	0.0180630	0.9996089	0.0187875	-0.0207162
-9.0191943	16.9690718	-443.6674874	0.0126064	0.9991997	0.0379604	0.9997143	-0.0118236	-0.0207751
-8.7834407	-0.9451644	-456.6677297	0.0443859	-0.9990137	0.0012139	-0.9988294	-0.0443543	0.0193031
-8.9166146	-1.6832050	-454.1614536	0.0774248	-0.9969958	0.0021750	-0.9968049	-0.0773666	0.0198571
-8.6572974	23.6250169	-433.3210871	0.2378726	0.9701027	0.0481383	0.9710915	-0.2365125	-0.0322962
-8.1747910	-2.2289803	-424.6753499	-0.0211556	-0.9997602	0.0056546	-0.9995909	0.0212602	0.0191300
-8.5844035	-5.8990107	-415.9255311	-0.1284774	-0.9915716	0.0167150	-0.9914978	0.1287821	0.0186373
-8.1786847	25.7345944	-389.0335334	-0.0117881	0.9977336	0.0662480	0.9997106	0.0131492	-0.0201472
-7.7547238	3.2775467	-388.3917677	0.0311612	-0.9994733	-0.0090565	-0.9993150	-0.0313346	0.0196881
-7.7239889	17.6191943	-387.6665375	-0.0111197	-0.9989170	-0.0451786	-0.9997401	0.0102070	0.0203830
-6.9390129	25.9986579	-373.4771933	-0.0081121	0.9975425	0.0695921	0.9997954	0.0093808	-0.0179227
-6.8390770	-13.4008475	-381.7413402	-0.5381811	-0.8419173	0.0391969	-0.8426391	0.5384653	-0.0038063
-7.2237772	-6.9932924	-393.8592941	-0.0127800	-0.9997566	0.0179859	-0.9997502	0.0131056	0.0181037
-7.0434459	15.4485285	-332.9639484	0.0034493	0.9989228	0.0462741	0.9997709	-0.0024672	-0.0212634
-6.6567985	13.9996701	-317.8214726	0.0080912	0.9990060	0.0438356	0.9997484	-0.0071645	-0.0212554
-6.2713316	25.0696755	-294.8917522	0.0127182	-0.9963024	-0.0849693	-0.9996947	-0.0144697	0.0200299
-5.7828078	-8.6461237	-316.4589475	-0.0115320	0.9995662	-0.0270989	0.9997667	0.0110309	-0.0185706
-6.3475444	0.4703229	-288.5241972	-0.0484747	0.9988208	0.0026946	0.9985822	0.0485222	-0.0218898
-5.6456754	22.9141645	-279.7945685	-0.0039959	-0.9966619	-0.0815424	-0.9997899	0.0023423	0.0203655
-5.4872565	12.9395955	-248.4504047	-0.0333183	0.9980536	0.0527157	0.9992015	0.0344275	-0.0202753
-4.9008033	17.6059801	-237.1563068	-0.0036333	0.9972436	0.0741083	0.9997811	0.0051495	-0.0202781
-4.7355277	7.6191457	-236.9093844	0.0026507	-0.9994780	-0.0321968	-0.9997970	-0.0032919	0.0198788
-4.4341537	9.3418204	-208.7212784	-0.0109895	-0.9989500	-0.0444769	-0.9997145	0.0100323	0.0216873
-4.2312030	15.8790272	-237.1855231	0.0122262	0.9977064	0.0665761	0.9997669	-0.0110122	-0.0185723
-3.6588826	22.3139920	-197.9688933	0.0076387	0.9936943	0.1118627	0.9998022	-0.0055352	-0.0191024
-3.3251164	6.8210460	-171.0814555	0.3080089	-0.9503711	-0.0438779	-0.9511853	-0.3085584	0.0061848
-3.3608491	-14.6939961	-162.2053081	-0.0216431	0.9957288	-0.0897535	0.9995529	0.0196985	-0.0224949
-3.5077898	29.4451739	-142.8899876	0.0857509	0.9762274	0.1990650	0.9960266	-0.0791771	-0.0407673
-2.2935699	28.7065895	-111.3614954	0.0032350	-0.9683231	-0.2496794	-0.9997959	-0.0081105	0.0185008
-2.5300791	-25.9456991	-111.0124429	-0.0420587	0.9731084	-0.2264752	0.9988688	0.0359200	-0.0311604
-2.6846049	28.9243637	-150.8277436	0.0214279	0.9819491	0.1879278	0.9996176	-0.0177566	-0.0211975
-1.6445784	15.5124336	-108.3989438	0.0104640	-0.9898386	-0.1418096	-0.9998325	-0.0124868	0.0133821
-1.8740095	11.0405488	-91.2081729	-0.0279165	-0.9924346	-0.1195584	-0.9994022	0.0252702	0.0235931
-1.0922596	6.8607053	-70.2580187	-0.0257877	0.9948962	0.0975527	0.9995477	0.0271718	-0.0128860
-1.5134289	4.7298701	-63.3684010	-0.0205061	0.9969798	0.0749051	0.9995062	0.0222269	-0.0222122
-0.7358890	19.4527400	-53.4214277	0.0552064	0.9384534	0.3409655	0.9983911	-0.0474569	-0.0310338
-0.8952108	-8.9080416	-65.1038077	0.0886980	0.9866988	-0.1362279	0.9959654	-0.0897268	-0.0014179
-0.7081382	20.8662391	-44.1332299	0.0441816	0.9034374	0.4264373	0.9989182	-0.0337528	-0.0319865
-0.1864012	11.6665431	-46.7337051	0.0154850	-0.9700941	-0.2422348	-0.9998726	-0.0159612	0.0000035
-0.3571474	-23.6100594	6.4367924	-0.0221019	0.2632763	0.9644673	-0.9996492	0.0082614	-0.0251633
-0.9120369	-7.1702409	-5.8747013	-0.1028334	-0.6225448	0.7757985	-0.9898674	0.1408234	-0.0182038
-0.5112699	32.5566066	-34.0989899	0.0402951	-0.7223861	-0.6903149	-0.9991290	-0.0366285	-0.0199911
0.2714964	23.2449582	5.3806381	0.0330966	-0.2257561	0.9736215	0.9993874	-0.0036148	-0.0348107
0.3958315	-14.0988800	15.0519106	-0.9981577	-0.0551122	-0.0253734	0.0575581	-0.7278688	-0.6832965
-0.0096684	-2.8078606	-9.9763414	0.0166159	-0.9624716	0.2708734	-0.9998615	-0.0157417	0.0053995
0.3850375	24.4629587	13.2238556	-0.0100164	-0.4753888	0.8797188	0.9998540	-0.0169422	0.0022289
0.6435332	-14.7680747	30.8608147	0.0003009	0.9020393	0.4316539	-0.9998231	-0.0078466	0.0170942
-0.0477286	-17.9713433	-19.2896515	0.0298835	0.7313030	-0.6813977	0.9995518	-0.0230983	0.0190465
0.0767606	15.4059421	22.8081078	0.0540206	0.8273779	-0.5590417	-0.9985359	0.0463243	-0.0279296
0.4528879	19.4829912	9.6487764	0.0108745	-0.4439754	0.8959730	0.9997240	-0.0138347	-0.0189891
0.5901331	-30.5972060	16.8766586	-0.0340275	-0.4832008	-0.8748481	0.9992782	-0.0016594	-0.0379507
-0.4596867	-9.2715484	14.7636936	-0.1561885	0.8386456	0.5218034	-0.9873755	-0.1184691	-0.1051414
0.2351941	24.0193887	28.5099131	-0.0059365	0.7647759	-0.6442690	-0.9999625	-0.0004753	0.0086497
0.2028308	-6.0308106	17.4445008	0.0158070	-0.9449396	-0.3268628	0.9998147	0.0185302	-0.0052189
0.2983440	9.4078087	29.7027705	-0.0206368	-0.9530617	0.3020721	0.9997412	-0.0225651	-0.0028946
0.5289327	6.3083541	-2.6904443	0.0032058	0.3920711	0.9199294	0.9970339	-0.0719934	0.0272088
0.5651666	-0.5312737	11.7705130	0.0042368	-0.9989648	-0.0452927	0.9988426	0.0063977	-0.0476711
0.4146154	-18.3366462	34.7270386	-0.0203364	-0.8842129	-0.4666412	0.9997375	-0.0130559	-0.0188299
-0.1682805	-16.1320982	-7.4451799	-0.0162092	0.4191238	-0.9077844	0.9998238	-0.0018056	-0.0186863
-0.2075801	5.7055599	-24.4670985	0.0573193	-0.9721626	-0.2271880	-0.9983217	-0.0576968	-0.0049847
0.0324157	19.2836344	7.8201101	-0.0119137	0.3757955	-0.9266260	-0.9999278	-0.0030337	0.0116258
0.3325499	-16.8075096	-11.0744176	-0.0045144	0.5501326	-0.8350651	0.9998534	0.0162784	0.0053188
-0.4705950	-13.8108884	5.2169460	-0.0231040	-0.3525875	-0.9354936	0.9992253	-0.0379646	-0.0103691
-0.1775040	9.5889224	19.0170257	-0.2343544	0.8671643	-0.4394362	-0.9721155	-0.2129129	0.0982830
-0.3536980	-10.4869954	-7.2346369	-0.0462706	0.5683001	-0.8215194	0.9985434	0.0034665	-0.0538432
-0.4166964	3.3422775	-11.7377638	0.0071605	0.9618119	0.2736176	0.9993920	0.0024540	-0.0347801
-0.1168957	25.6289025	-2.4120118	-0.0310543	0.0935133	0.9951336	0.9995074	0.0074286	0.0304928
0.4451714	0.4586361	-7.3622090	0.0535040	0.9964297	0.0653088	0.9967489	-0.0572377	0.0567048
-0.0834662	-23.4330154	-36.8898340	0.6190635	0.6622716	-0.4220862	0.7853386	-0.5233566	0.3306676
-0.3330898	-2.4076330	-23.8180212	-0.0471962	0.9938869	-0.0998065	0.9987887	0.0455638	-0.0185736
-0.3325914	2.2341489	-8.9585593	0.0405405	0.9698369	0.2403597	0.9985292	-0.0306575	-0.0447165
-0.2979934	-1.8900862	-7.3893022	0.8500879	-0.5174292	0.0980695	-0.5251918	-0.8191163	0.2306989
-0.3019215	9.3039835	-8.0700609	0.0706929	0.6549057	0.7523968	0.9971970	-0.0278679	-0.0694366
-0.0312950	-2.2350154	-11.7357434	0.0042372	-0.9823374	0.1870701	-0.9999876	-0.0036723	0.0033660
-0.4576990	-20.2594224	-21.5077054	0.0099127	0.7277738	-0.6857456	0.9998309	-0.0178360	-0.0044763
-0.5879767	15.3083859	11.5980428	-0.1829107	0.5892227	-0.7869945	-0.9826532	-0.1344872	0.1276944
0.0050468	15.4111582	-20.6659001	-0.0012561	0.8016400	0.5978058	0.9999992	0.0008899	0.0009078
-0.0271677	-7.4223181	1.1273409	0.0254705	0.1500232	0.9883543	-0.9996690	0.0074013	0.0246386
-0.1032123	0.3217593	-8.5111696	-0.0146451	-0.9991857	-0.0375960	-0.9998193	0.0141780	0.0126605
0.0426947	14.4949065	-18.7036679	0.0108035	0.7903659	0.6125398	0.9999400	-0.0096445	-0.0051917
0.3481706	-2.7886048	-1.1966703	-0.2446410	-0.4080032	0.8795932	-0.9628901	-0.0044178	-0.2698576
0.0049229	-7.5472119	15.3431426	0.0011079	0.8973170	0.4413852	-0.9999993	0.0008670	0.0007473
0.0896023	0.6630583	-2.0099925	0.0580473	0.9472883	0.3150800	0.9974174	-0.0684028	0.0218985
0.0142389	6.0240040	-0.2773317	0.7230652	-0.0334737	-0.6899683	-0.6907758	-0.0316238	-0.7223772
0.3521714	7.6717742	43.2927239	0.0044386	-0.9846557	0.1744518	0.9999581	0.0029730	-0.0086612
0.3706990	6.8779866	32.4842119	-0.0154296	0.9782303	-0.2069478	-0.9998186	-0.0127838	0.0141163
0.7015553	7.1284339	22.7153808	0.0001688	0.9541205	-0.2994228	-0.9995661	0.0089805	0.0280530
0.7457717	11.4233918	52.9475049	-0.0101784	-0.9774281	0.2110229	0.9998534	-0.0128537	-0.0113099
1.1060190	-4.1554330	66.8752827	-0.0157899	0.9979344	0.0622698	-0.9997391	-0.0167850	0.0154912
0.8757270	20.0044021	65.8787241	0.2223020	-0.9337334	0.2805777	0.9748949	0.2091258	-0.0764614
2.0913692	46.3263413	102.2823193	0.0065268	-0.9109521	0.4124606	0.9998053	-0.0017367	-0.0196565
2.3797604	-21.3800591	82.2121309	-0.1792343	0.9508600	0.2524685	-0.9834078	-0.1804665	-0.0184658
1.6196622	-18.7940249	122.2043288	0.0129077	0.9883231	0.1518249	-0.9998309	0.0107679	0.0149075
1.9039990	36.9392435	112.7826067	0.0274764	-0.9501043	0.3107201	0.9994937	0.0211238	-0.0237921
2.8299986	20.1197269	152.6572220	-0.0243502	-0.9910738	0.1310717	0.9995346	-0.0265460	-0.0150310
2.8180450	-5.4225776	171.2201730	0.1898394	0.9814170	0.0279572	-0.9816774	0.1892587	0.0221509
3.0471994	28.4377522	158.8599409	0.0398593	0.9834374	-0.1768111	-0.9990270	0.0425665	0.0115431
3.7875516	8.6146023	171.8084178	-0.0015262	-0.9987425	0.0501113	0.9997565	-0.0026270	-0.0219081
3.6445598	11.9020445	193.1933307	-0.0027423	-0.9981007	0.0615416	0.9998190	-0.0038952	-0.0186214
4.4179159	19.0724066	214.2104181	-0.0053409	0.9960552	-0.0885745	-0.9997748	-0.0034996	0.0209311
4.5579370	25.0440019	208.6780929	0.0983343	0.9878070	-0.1206971	-0.9949172	0.1002276	0.0097024
5.3497503	-5.7482026	243.7255425	0.0091279	-0.9996756	-0.0237774	0.9997177	0.0096448	-0.0217162
4.6415300	7.3472252	259.4813096	0.1061606	0.9938951	-0.0300412	-0.9941883	0.1066382	0.0147643
5.8675451	40.3943062	250.0258743	0.0119499	0.9870845	-0.1597543	-0.9996603	0.0154939	0.0209566
6.0261368	-0.7678266	252.9889515	0.0020768	-0.9999931	-0.0030845	0.9997143	0.0021497	-0.0238064
6.2396390	11.1257944	280.0314592	0.0070987	0.9991802	-0.0398561	-0.9997270	0.0079785	0.0219588
6.3512669	-7.7442364	300.2453971	0.0245906	0.9993785	0.0252568	-0.9994740	0.0240430	0.0217626
6.2657952	25.3816939	320.2489705	-0.0011002	-0.9968717	0.0790297	0.9998092	-0.0026377	-0.0193526
7.2095296	10.0580572	357.3447638	-0.0423171	-0.9986843	0.0289634	0.9989008	-0.0428757	-0.0189463
6.8098151	1.4148175	340.8180363	-0.0194563	0.9998036	-0.0037617	-0.9996111	-0.0193771	0.0200535
7.5016217	20.4124758	349.0024259	0.1672072	-0.9844427	0.0539841	0.9856883	0.1657254	-0.0308798
7.4980959	-0.4329625	375.1136178	-0.0188527	-0.9998220	-0.0007772	0.9996225	-0.0188334	-0.0200031
7.7689310	15.6845322	389.9754338	-0.0239290	0.9989251	-0.0396993	-0.9995155	-0.0231149	0.0208416
8.0582330	4.9795002	387.6855634	-0.0261543	-0.9995683	0.0133823	0.9994419	-0.0264246	-0.0204345
8.0397081	-1.7938674	396.9988864	-0.0493096	-0.9987774	-0.0035145	0.9985783	-0.0492278	-0.0204449
8.0623286	2.9125864	432.9359090	-0.0067229	0.9999556	-0.0066020	-0.9998041	-0.0065987	0.0186632
8.1197800	-1.5475525	411.8877644	0.0702246	0.9975284	0.0023636	-0.9973365	0.0701639	0.0199247
8.2402690	26.1631519	416.7809838	0.0313130	-0.9975846	0.0620036	0.9993149	0.0300222	-0.0216423
9.0158732	6.6214496	439.5997277	-0.0313722	-0.9993845	0.0156966	0.9992975	-0.0316839	-0.0200176
8.5249173	-18.3384460	452.2838294	0.0166830	0.9990526	0.0401935	-0.9996835	0.0159096	0.0194877
8.5754548	13.8820961	457.1622617	0.0129484	-0.9994628	0.0301066	0.9997404	0.0123757	-0.0191289
8.7934756	-6.5002879	442.7253449	0.0098132	0.9998469	0.0144853	-0.9997547	0.0095225	0.0199971
8.5778802	14.2321501	462.1006282	0.0094884	0.9994756	-0.0309588	-0.9997829	0.0100566	0.0182490
9.3415346	15.5695735	448.3487771	0.0739703	-0.9967119	0.0330711	0.9970431	0.0732212	-0.0233165
9.1502665	-5.5280048	415.2199691	-0.0229225	-0.9996553	-0.0128037	0.9994945	-0.0226329	-0.0223273
